200
    1     5     6
    2     2     2
    3     3     4
    4     2     1
    5     8     8
    6     3     4
    7     8     9
    8    10    10
    9    10     9
   10     4     4
   11     5     6
   12     6     5
   13    10    10
   14     9    10
   15     1     1
   16     4     3
   17     6     7
   18     5     6
   19     6     7
   20     9     8
   21     8     7
   22     5     6
   23     7     6
   24     1     1
   25     9     9
   26     5     4
   27    11    10
   28     8     8
   29     3     2
   30    10     9
   31    11    10
   32     7     8
   33     9    10
   34     8     7
   35     9     8
   36     1     1
   37     5     6
   38     7     7
   39    11    10
   40     9     9
   41     6     7
   42     1     2
   43     7     8
   44     9    10
   45     4     5
   46     3     3
   47     9     8
   48    11    10
   49     8     9
   50     3     4
   51     8     7
   52     9    10
   53     7     7
   54     3     2
   55     6     5
   56     5     4
   57     2     3
   58     3     3
   59     6     6
   60    10    10
   61     9     9
   62     8     9
   63     8     8
   64     5     5
   65     2     2
   66     3     2
   67     7     7
   68     9     9
   69     7     6
   70     9     8
   71    11    10
   72     3     2
   73     7     6
   74     2     1
   75     5     4
   76     7     7
   77     5     5
   78     6     5
   79     6     5
   80     3     3
   81     3     4
   82     5     4
   83     9     9
   84    11    10
   85    11    10
   86     6     6
   87     4     4
   88     9     8
   89     8     8
   90     9     9
   91     7     7
   92     4     5
   93     4     3
   94     7     8
   95     3     4
   96     8     7
   97     2     3
   98    10     9
   99     3     4
  100     6     6
  101     6     7
  102     3     4
  103     9    10
  104     7     8
  105     8     9
  106     4     4
  107     7     7
  108     9     9
  109    10     9
  110     4     5
  111     6     5
  112     1     1
  113     1     1
  114     4     5
  115     6     7
  116     6     7
  117     8     9
  118     1     1
  119     5     5
  120     5     5
  121     1     2
  122     7     7
  123    11    10
  124     7     7
  125     2     3
  126     2     3
  127     1     2
  128    11    10
  129     4     3
  130     1     1
  131     3     2
  132     4     3
  133     8     9
  134     9    10
  135     4     3
  136     3     2
  137     4     3
  138     8     7
  139     7     6
  140     9    10
  141     2     3
  142     2     3
  143     7     7
  144     1     1
  145     1     1
  146     3     4
  147     8     8
  148     4     5
  149     8     7
  150     1     2
  151     9     9
  152     3     3
  153     6     6
  154     3     2
  155     7     8
  156    11    10
  157     3     2
  158     6     7
  159     7     6
  160     4     3
  161     4     3
  162     2     1
  163     2     2
  164     1     2
  165     2     1
  166     5     6
  167     3     3
  168     9     8
  169     4     4
  170     7     7
  171     4     5
  172     2     2
  173     8     9
  174     5     6
  175     2     1
  176     2     1
  177     3     4
  178     1     1
  179     9    10
  180     2     2
  181     3     3
  182     6     7
  183     7     8
  184     9    10
  185    10     9
  186    10     9
  187    10    10
  188     7     7
  189     6     6
  190     2     1
  191     9    10
  192     6     5
  193     5     6
  194     5     6
  195    10     9
  196     7     6
  197     8     8
  198     9    10
  199    10     9
  200     4     5
104
