200
    1    79    83
    2    64    63
    3    10     9
    4     1     6
    5    60    67
    6    54    61
    7    81    76
    8    62    63
    9    60    60
   10    80    77
   11    76    67
   12    85    90
   13    17     7
   14    84    75
   15    86    84
   16    31    32
   17    88    88
   18    24    31
   19    35    40
   20     1     5
   21    19    24
   22   102    95
   23     6    15
   24    43    42
   25    14    20
   26    99    91
   27    20    29
   28    77    75
   29   103    97
   30    79    86
   31    91    93
   32    23    15
   33    65    63
   34   102    92
   35    89    95
   36    66    76
   37    83    91
   38    54    56
   39    79    79
   40    72    74
   41     6     6
   42     7     9
   43     1     1
   44    29    37
   45    57    50
   46    11    14
   47    25    29
   48    82    77
   49     3    10
   50    77    79
   51    29    22
   52    32    31
   53    84    76
   54    63    55
   55    95   100
   56    43    51
   57    84    80
   58    91    94
   59    57    59
   60    65    65
   61    63    56
   62   103    98
   63    52    59
   64    67    70
   65    62    67
   66    25    23
   67   104    96
   68    47    42
   69    35    35
   70    78    69
   71    67    65
   72    54    45
   73    19    17
   74     1     6
   75    62    55
   76   104   100
   77    92    94
   78    14    22
   79    86    92
   80    90    86
   81     9     1
   82    79    73
   83    33    26
   84    44    49
   85    77    69
   86    26    21
   87    76    71
   88   101    99
   89    81    73
   90   107    98
   91    31    32
   92    88    84
   93     9    16
   94    46    55
   95    18    11
   96    46    44
   97    50    52
   98    56    56
   99    47    51
  100    35    39
  101    90    80
  102    31    35
  103    81    73
  104    18    27
  105    62    52
  106    63    73
  107    13    14
  108    91    90
  109    69    62
  110    50    44
  111    65    70
  112    62    54
  113    59    52
  114    86    88
  115    96   100
  116    55    50
  117    61    62
  118    53    48
  119   110   100
  120    49    52
  121    31    35
  122    53    52
  123     9     7
  124    44    42
  125    11     4
  126     7    14
  127    20    19
  128    80    87
  129    82    90
  130     1    10
  131    10    17
  132    73    72
  133    81    90
  134    70    71
  135    42    36
  136     1     5
  137    46    48
  138     4    14
  139    73    65
  140    37    39
  141    79    78
  142     1     4
  143   107    98
  144    62    66
  145    25    20
  146    99    93
  147    62    65
  148     6    10
  149    74    68
  150    89    81
  151    58    48
  152    76    72
  153    64    57
  154    47    55
  155    39    33
  156    42    51
  157     7     5
  158    62    58
  159    11    21
  160    66    56
  161    57    60
  162    41    38
  163    83    73
  164    19    21
  165    54    56
  166    10     1
  167     1     2
  168    32    39
  169    71    81
  170    64    56
  171    63    62
  172    68    65
  173    62    72
  174    60    57
  175     5    14
  176    59    50
  177    18    25
  178   102    92
  179     9     1
  180   107    99
  181    48    54
  182    13     4
  183    19    11
  184    86    95
  185    35    36
  186    18    24
  187    13    21
  188    77    76
  189    40    39
  190    68    60
  191    33    37
  192    13    14
  193    90    99
  194    40    47
  195    90    92
  196    79    69
  197    35    31
  198    78    81
  199    79    70
  200    83    76
850
