200
    1    17    22
    2    13    14
    3    46    36
    4    81    81
    5    50    54
    6    87    96
    7    10    11
    8    33    34
    9    15    11
   10    46    44
   11    31    26
   12    59    69
   13    44    46
   14    90    98
   15    38    47
   16    33    31
   17    92    95
   18     8     2
   19    55    55
   20    80    88
   21    49    59
   22    25    30
   23    44    54
   24     1     1
   25    35    35
   26    64    74
   27    23    32
   28    55    62
   29    77    68
   30    33    25
   31    63    60
   32   100    98
   33    90    82
   34    18    23
   35    33    30
   36    59    51
   37    65    62
   38    45    51
   39    30    26
   40    93    97
   41     5     1
   42    98    92
   43    18    20
   44    68    76
   45    73    73
   46    13    17
   47    31    36
   48     2    12
   49    23    17
   50    66    62
   51    87    97
   52    34    42
   53    62    63
   54    25    18
   55    37    27
   56    96    94
   57    19    19
   58     1     1
   59    80    70
   60    85    92
   61    51    47
   62     1     1
   63    70    70
   64    81    89
   65    39    38
   66    30    30
   67    47    47
   68    71    61
   69    30    22
   70    70    76
   71    91    84
   72     1     8
   73    34    24
   74    22    25
   75    52    54
   76    59    67
   77    79    85
   78    11    13
   79    67    75
   80     1     5
   81    38    40
   82    30    24
   83    63    65
   84    55    48
   85    71    68
   86    97    88
   87    59    58
   88    41    50
   89     3     4
   90    90    97
   91     9     7
   92    22    27
   93    69    79
   94    90    94
   95     6     2
   96    69    71
   97    50    47
   98    88    83
   99    97    90
  100    63    58
  101   102    99
  102    44    38
  103    22    28
  104    56    66
  105     4    11
  106     6    16
  107     6     9
  108    90    97
  109    69    69
  110    89    83
  111    96    93
  112    82    77
  113     9     3
  114    12    11
  115    69    71
  116    66    65
  117    72    69
  118    90    83
  119    23    27
  120    26    35
  121    98    98
  122    23    27
  123    50    42
  124    20    17
  125     9     3
  126    62    69
  127    56    54
  128    23    22
  129    26    25
  130    50    45
  131    74    84
  132    17    15
  133    81    89
  134    38    34
  135    92    99
  136    62    60
  137    74    75
  138    86    93
  139    57    56
  140    79    78
  141     9     9
  142    65    63
  143    48    53
  144    80    89
  145    55    63
  146    42    36
  147    53    52
  148    77    85
  149    17    15
  150    26    28
  151    48    51
  152     6    15
  153    23    16
  154     4    14
  155    63    64
  156     1    10
  157    17    16
  158    10    13
  159    56    48
  160    69    71
  161     1     3
  162    13    17
  163    68    76
  164    66    72
  165    83    75
  166    73    72
  167    97    97
  168    50    50
  169     4    12
  170   108    99
  171    53    45
  172    28    24
  173    45    43
  174    64    64
  175    68    73
  176     1     1
  177    31    40
  178    93    99
  179    57    60
  180    27    34
  181    57    57
  182    36    39
  183    35    26
  184    81    78
  185    31    27
  186    39    43
  187    32    24
  188    65    63
  189    42    46
  190     5    11
  191    79    76
  192    16     9
  193    67    62
  194   108    98
  195    51    55
  196    76    76
  197    90    90
  198    47    40
  199    26    25
  200    93    83
298
