200
    1    68    76
    2     3     4
    3    17    14
    4    52    51
    5    32    28
    6    61    62
    7    90    97
    8     7    16
    9    91    89
   10    25    18
   11    46    52
   12    95    87
   13    62    60
   14   108   100
   15    48    53
   16     1     1
   17   103    93
   18    36    44
   19    64    69
   20    23    26
   21    20    25
   22    37    36
   23    58    68
   24    12     7
   25    67    69
   26    61    60
   27    49    42
   28    65    68
   29    14    10
   30   106    99
   31    35    34
   32    28    24
   33    37    36
   34    34    41
   35    63    56
   36    91    81
   37    26    24
   38    97    93
   39    95    88
   40    73    67
   41    53    43
   42    44    50
   43    90    94
   44    62    70
   45    17    23
   46    88    95
   47     9    14
   48    29    38
   49    87    95
   50    58    48
   51    51    47
   52    49    48
   53    50    57
   54    11    12
   55    61    65
   56    31    28
   57    43    33
   58    59    59
   59    85    76
   60    37    42
   61    71    81
   62    97    91
   63    49    56
   64    73    71
   65    76    80
   66    66    56
   67    76    77
   68    48    43
   69    32    36
   70    79    74
   71     1     6
   72    23    22
   73     1     2
   74    39    47
   75    74    64
   76    70    61
   77    70    79
   78     3     7
   79    50    53
   80    27    27
   81    11    14
   82    60    54
   83    44    39
   84    96    90
   85    60    50
   86    81    82
   87    58    52
   88    92   100
   89    25    22
   90    43    47
   91    54    57
   92    80    89
   93    76    73
   94    82    88
   95    97    96
   96    69    61
   97    78    69
   98    84    81
   99    47    44
  100    30    32
  101    66    61
  102    73    76
  103    83    86
  104   103   100
  105   101    97
  106    63    70
  107    13    11
  108     1     3
  109    89    87
  110    46    37
  111    82    83
  112    56    59
  113    99    93
  114     9    13
  115    63    73
  116    94    99
  117     5    15
  118    99    89
  119    91    97
  120    11    13
  121   100    92
  122    78    77
  123    57    48
  124     5     7
  125    46    53
  126    60    67
  127    50    40
  128    82    88
  129    73    71
  130     5    11
  131    49    46
  132    49    57
  133    24    19
  134    67    60
  135     7     5
  136    48    58
  137    47    45
  138    67    71
  139    70    70
  140     8    12
  141     7     7
  142    81    81
  143     4    11
  144    12    11
  145    27    37
  146    21    18
  147   105    98
  148    14    15
  149    92    85
  150    62    70
  151    47    49
  152    54    49
  153    58    62
  154    90   100
  155     1     2
  156    96    88
  157    43    42
  158    70    71
  159    92    98
  160     1     5
  161    23    17
  162    83    75
  163    97    94
  164    63    62
  165     8    17
  166    39    34
  167   108    99
  168    85    76
  169    93    90
  170    85    81
  171    52    51
  172    99    90
  173     6     5
  174     7     2
  175    37    39
  176    20    11
  177     5    14
  178     5     5
  179    35    26
  180    64    60
  181    28    35
  182    35    45
  183   104   100
  184    63    64
  185     3     1
  186    92    85
  187    28    34
  188    71    77
  189    39    44
  190    46    41
  191    41    50
  192    71    71
  193    35    36
  194     1     8
  195    45    41
  196    41    34
  197    26    16
  198    54    46
  199    63    63
  200    26    21
524
