200
    1   912   829
    2   316   273
    3   901   879
    4   754   736
    5   560   641
    6   123    95
    7   952   890
    8   703   681
    9   712   730
   10   731   655
   11   437   441
   12   149    72
   13  1068   993
   14   657   625
   15   743   730
   16   312   362
   17   111    42
   18   494   589
   19   397   326
   20   238   219
   21    82    58
   22   255   189
   23   879   801
   24   595   636
   25   325   386
   26   101    53
   27   571   671
   28   336   269
   29   847   755
   30   484   412
   31   575   671
   32   546   489
   33   576   561
   34   629   674
   35   610   569
   36    40    46
   37   445   529
   38   350   314
   39   850   769
   40     1     4
   41   570   564
   42   507   503
   43   769   779
   44   531   443
   45   265   300
   46   521   584
   47   305   303
   48   197   151
   49   297   332
   50   219   293
   51   784   772
   52   394   325
   53   575   530
   54   834   761
   55   480   510
   56   135    69
   57   826   766
   58   961   888
   59   397   353
   60   816   767
   61   154   122
   62  1035   960
   63   101   125
   64   821   888
   65   463   425
   66   418   345
   67    48    66
   68   370   460
   69   214   169
   70   238   223
   71   914   843
   72   506   531
   73   973   891
   74   508   532
   75   840   845
   76   333   358
   77   181   200
   78   453   528
   79   552   566
   80   590   664
   81   388   427
   82   637   643
   83   868   952
   84   510   559
   85   655   739
   86   888   927
   87   222   125
   88   716   649
   89   650   655
   90   334   248
   91   579   482
   92   714   770
   93   914   922
   94   714   661
   95   243   317
   96   567   554
   97    46    30
   98   736   806
   99   342   297
  100   900   817
  101   603   618
  102   459   397
  103   443   415
  104   217   293
  105   538   566
  106   489   471
  107   266   212
  108   130    32
  109   750   844
  110   192   290
  111   213   280
  112   424   324
  113   936   862
  114   450   438
  115    77    98
  116     1    16
  117   709   764
  118   156   142
  119   193   182
  120   124    26
  121   146   189
  122   696   702
  123   733   801
  124    32    52
  125   425   354
  126   405   316
  127   268   233
  128   199   121
  129   693   744
  130   875   944
  131   332   303
  132   308   230
  133   656   660
  134   688   597
  135   949   982
  136   592   507
  137   495   430
  138   768   736
  139   334   251
  140   421   505
  141    81    80
  142   358   438
  143   255   340
  144   373   396
  145   553   598
  146   429   511
  147   744   819
  148   943   880
  149   406   446
  150   612   591
  151   313   250
  152   959   990
  153   692   711
  154   475   569
  155   433   495
  156   421   325
  157   754   779
  158   649   700
  159   689   623
  160   667   722
  161   262   198
  162   770   680
  163   667   755
  164   548   531
  165   247   214
  166   898   839
  167   298   200
  168    63    13
  169   903   803
  170    68    22
  171   631   704
  172   559   499
  173   256   262
  174   530   571
  175    49   148
  176   172   240
  177   361   451
  178   129   134
  179   371   435
  180   610   673
  181   404   424
  182   302   298
  183   848   937
  184   286   309
  185    24    14
  186   672   682
  187   232   163
  188   659   710
  189   261   341
  190   306   382
  191    84    63
  192   283   352
  193   253   225
  194   783   837
  195   701   758
  196   954   911
  197   368   305
  198   577   675
  199  1026   932
  200   804   738
5849
