200
    1   113   183
    2   889   963
    3     1     9
    4    51   106
    5   111    67
    6   348   361
    7   965   876
    8   693   763
    9   311   260
   10   296   377
   11   524   467
   12   816   890
   13   872   907
   14    21    75
   15   886   884
   16   170   132
   17   481   388
   18   161   231
   19   596   640
   20     5     5
   21   173   124
   22   672   695
   23   754   715
   24   247   342
   25   474   420
   26   641   591
   27   263   329
   28   329   375
   29   313   397
   30   631   686
   31   946   993
   32   804   715
   33   723   763
   34   308   292
   35   386   395
   36   479   576
   37   823   891
   38   503   556
   39   809   779
   40    85   174
   41   737   806
   42    10     9
   43   237   301
   44   734   637
   45   118   150
   46   320   314
   47   782   729
   48   883   977
   49   393   310
   50   522   479
   51   584   622
   52   871   831
   53   290   276
   54   303   355
   55   353   400
   56   403   351
   57    78    80
   58   552   594
   59   209   259
   60   217   265
   61   915   956
   62   219   298
   63  1003   959
   64   307   370
   65   164    67
   66   576   523
   67   153   196
   68   389   342
   69   348   435
   70   217   169
   71   203   165
   72   669   645
   73   952   917
   74   569   606
   75   934   855
   76   998  1000
   77   538   594
   78   616   522
   79   464   392
   80   417   386
   81   563   501
   82   519   573
   83   618   626
   84   689   649
   85   196   269
   86   556   521
   87   936   871
   88   367   299
   89     1    73
   90   367   298
   91    89   132
   92   210   284
   93   497   516
   94     1    55
   95   990   911
   96   174   244
   97   204   152
   98   232   256
   99    11    51
  100   845   939
  101   420   380
  102   749   735
  103   917   873
  104   781   727
  105  1025   952
  106   359   273
  107   350   414
  108   795   890
  109   663   662
  110   838   844
  111   132   170
  112   614   654
  113   296   352
  114   686   688
  115   200   300
  116   198   250
  117   930   862
  118   796   848
  119   213   200
  120   682   652
  121   337   335
  122   344   352
  123    46   107
  124   162   142
  125   557   604
  126    79    14
  127    92    19
  128   879   787
  129   813   890
  130   903   810
  131   377   417
  132   488   472
  133   133   190
  134   210   271
  135   984   936
  136   711   805
  137   777   848
  138   889   914
  139   701   765
  140   436   339
  141   248   178
  142   193   104
  143   279   198
  144   664   566
  145   952   920
  146   733   793
  147   938   965
  148   845   810
  149   255   168
  150   438   481
  151   630   548
  152   163    72
  153   661   657
  154    96   155
  155   376   433
  156   990   951
  157   261   205
  158   547   558
  159   896   921
  160   336   356
  161   345   360
  162   508   538
  163  1019   973
  164   885   821
  165   108    56
  166   461   401
  167   646   602
  168   307   239
  169   774   781
  170   619   656
  171   396   362
  172   681   765
  173   525   472
  174   193   157
  175   396   414
  176   557   650
  177   500   525
  178   500   592
  179   252   301
  180   907   899
  181   130   154
  182   467   404
  183   377   411
  184   582   495
  185   260   336
  186   261   324
  187   455   421
  188    84   176
  189   365   439
  190   210   160
  191   160   137
  192   167   114
  193   902   899
  194     1    47
  195   566   592
  196   227   169
  197   386   331
  198   572   581
  199   312   270
  200   450   476
7675
