200
    1     6     5
    2     2     3
    3     1     1
    4     5     6
    5     5     5
    6     9     9
    7     3     4
    8     8     9
    9     9    10
   10     1     1
   11     6     5
   12     1     2
   13     9     9
   14     3     3
   15     4     4
   16    11    10
   17     3     4
   18     9     9
   19     3     2
   20     1     1
   21     3     2
   22     3     3
   23     8     7
   24     9     8
   25     2     2
   26     8     7
   27     1     1
   28     4     5
   29     4     3
   30     8     8
   31     6     7
   32     2     1
   33     8     9
   34     5     6
   35     2     3
   36     6     6
   37    10     9
   38     1     2
   39     7     7
   40     3     2
   41     3     2
   42     6     5
   43     8     7
   44    10     9
   45     9     8
   46     5     6
   47     5     5
   48     6     5
   49     7     6
   50     6     5
   51     1     2
   52     9     9
   53     4     4
   54     5     5
   55     9    10
   56     6     5
   57     9    10
   58     9    10
   59     8     7
   60     7     7
   61     8     8
   62     2     2
   63    10     9
   64     5     6
   65     5     5
   66     8     9
   67     7     6
   68     5     6
   69     3     3
   70     6     5
   71     8     9
   72     5     5
   73     3     3
   74     9    10
   75     6     5
   76     4     4
   77     7     8
   78     3     4
   79     7     8
   80     9    10
   81     2     3
   82     3     3
   83     8     8
   84     9     9
   85     8     9
   86     6     5
   87     1     1
   88     8     9
   89     9     9
   90     5     6
   91     2     2
   92     7     8
   93     7     6
   94     8     7
   95     4     3
   96     6     6
   97     9     8
   98     9     8
   99     2     1
  100     5     5
  101     7     6
  102     7     7
  103     7     7
  104    10     9
  105    10    10
  106     7     7
  107    11    10
  108     5     4
  109     9     8
  110     5     6
  111     9     8
  112     3     2
  113     1     2
  114     5     6
  115     5     6
  116     3     2
  117     6     6
  118     6     6
  119     3     2
  120    10    10
  121     4     5
  122     3     2
  123     6     5
  124     2     2
  125     5     4
  126     7     8
  127     7     7
  128     5     5
  129     7     8
  130     7     8
  131     2     1
  132     7     6
  133    10    10
  134     2     1
  135     6     6
  136     9     9
  137     9    10
  138     5     6
  139     7     7
  140     1     1
  141     1     2
  142     2     2
  143     2     2
  144     4     4
  145     5     6
  146     6     7
  147     6     5
  148     9    10
  149     4     4
  150    10     9
  151     9    10
  152     8     8
  153     5     5
  154     2     3
  155     8     7
  156     8     9
  157     3     3
  158     3     2
  159     4     3
  160     8     8
  161     3     4
  162     9    10
  163     5     5
  164     4     3
  165     9    10
  166     7     7
  167     9     8
  168     7     7
  169     6     7
  170    10    10
  171     8     8
  172     3     3
  173    11    10
  174     2     3
  175     2     2
  176     9    10
  177     7     7
  178     7     6
  179     9     9
  180     7     7
  181     5     6
  182     3     2
  183     3     3
  184     2     1
  185    10    10
  186    10    10
  187     6     5
  188     7     6
  189     4     5
  190     2     2
  191     9     9
  192    10    10
  193    10     9
  194     8     7
  195     3     2
  196     5     5
  197     8     9
  198     9     9
  199     3     4
  200     1     2
46
