200
    1    14    16
    2    21    24
    3     4     6
    4    12    11
    5    18    28
    6    32    30
    7    30    25
    8   109   100
    9    87    81
   10    67    70
   11    95   100
   12    42    51
   13    26    32
   14    47    48
   15   101    93
   16    13     9
   17    54    49
   18    11    12
   19    48    41
   20     8     2
   21    97    93
   22    67    76
   23    49    40
   24    43    43
   25    53    49
   26    36    36
   27    16    22
   28     1     8
   29    19    26
   30    41    51
   31    45    38
   32    20    20
   33    74    80
   34    50    53
   35     1     4
   36    27    21
   37    54    52
   38    12     9
   39    63    64
   40    34    27
   41     3     7
   42    83    86
   43    96    98
   44    74    82
   45    77    71
   46    40    39
   47    53    58
   48    94    86
   49    36    39
   50    24    24
   51    42    47
   52    90    84
   53    20    17
   54    66    72
   55    40    37
   56    15    12
   57    62    53
   58   104    95
   59    25    16
   60   104    94
   61    12    13
   62    66    63
   63    93    84
   64     8     7
   65    56    48
   66    42    52
   67    18    17
   68    23    27
   69    55    56
   70    36    30
   71    63    62
   72    92    94
   73   107    98
   74    55    51
   75   103    96
   76    21    25
   77    38    43
   78    19    19
   79    55    49
   80    34    31
   81    63    66
   82   100    94
   83    30    39
   84    66    58
   85    36    38
   86    44    46
   87     6    12
   88    92   100
   89    81    86
   90    87    95
   91    64    57
   92    12    13
   93    83    85
   94    98   100
   95    17     8
   96    42    33
   97    22    25
   98    40    33
   99    26    36
  100    29    36
  101    84    85
  102    42    48
  103    15    22
  104    30    32
  105    28    25
  106    20    14
  107     1     7
  108    49    39
  109     1     3
  110    30    29
  111    56    51
  112    85    95
  113    17    13
  114    15     9
  115    75    69
  116    38    31
  117    68    71
  118    81    77
  119     9     9
  120    16     9
  121    46    52
  122    87    77
  123    43    36
  124    35    27
  125    51    53
  126    12    19
  127    62    68
  128    64    56
  129    77    79
  130    24    31
  131    68    70
  132    31    21
  133    61    59
  134    63    60
  135    50    45
  136    57    62
  137    51    57
  138     5    15
  139    44    42
  140    52    44
  141    11    11
  142   101    97
  143    94    95
  144    19    19
  145    35    41
  146    44    54
  147    51    58
  148    11     3
  149    90    93
  150    88    86
  151     1     1
  152    31    33
  153    69    70
  154    37    28
  155    26    26
  156    79    84
  157    91    90
  158    50    55
  159   101    98
  160    39    37
  161    79    89
  162    66    59
  163    60    58
  164    92    82
  165    85    81
  166     7    10
  167    86    95
  168    34    24
  169    86    86
  170    58    65
  171    33    39
  172    59    58
  173    36    33
  174    73    78
  175     1     7
  176    93    91
  177    57    66
  178    50    41
  179   100    94
  180    11     8
  181    86    79
  182    39    33
  183     1     4
  184    49    40
  185    11     5
  186    57    53
  187    67    66
  188   107    97
  189    99   100
  190    87    81
  191     1     2
  192    88    95
  193    26    36
  194    96    88
  195    30    21
  196    61    70
  197    54    64
  198    40    34
  199    89    87
  200    39    45
101
