200
    1     8     9
    2     4     3
    3    10     9
    4     6     6
    5     1     1
    6     6     5
    7     9    10
    8     2     1
    9    10    10
   10     6     5
   11     1     1
   12     1     2
   13     3     3
   14     4     5
   15    11    10
   16     3     2
   17     2     2
   18    10     9
   19     5     6
   20    10     9
   21     8     8
   22     9     9
   23     1     1
   24     7     6
   25     5     6
   26     3     3
   27     1     1
   28    10     9
   29     4     5
   30     2     2
   31     1     1
   32     9     9
   33     1     1
   34     4     4
   35     8     9
   36     6     6
   37     9     9
   38     4     4
   39     9     9
   40     3     4
   41     4     4
   42     4     3
   43     8     9
   44     4     3
   45    11    10
   46     4     4
   47     2     3
   48     2     1
   49     3     2
   50     4     3
   51     2     2
   52     5     5
   53    10    10
   54     2     1
   55    10    10
   56     9     9
   57     6     6
   58     9     8
   59     2     3
   60     8     7
   61     1     2
   62    10    10
   63     5     5
   64     7     8
   65     4     5
   66     6     5
   67     6     6
   68    10    10
   69     9     9
   70     3     3
   71     2     3
   72     1     1
   73     2     1
   74     2     2
   75     6     5
   76     7     8
   77     9    10
   78     8     8
   79     7     6
   80     5     4
   81     7     7
   82     3     3
   83     2     2
   84     8     9
   85     9     9
   86     7     7
   87     6     5
   88    10     9
   89     6     5
   90     7     8
   91     3     2
   92    11    10
   93     3     2
   94     1     1
   95     8     7
   96     5     4
   97    11    10
   98     5     6
   99     7     7
  100     6     7
  101     8     8
  102     6     7
  103     6     5
  104     2     3
  105     5     6
  106     1     1
  107     2     2
  108     1     2
  109     3     4
  110    11    10
  111     9    10
  112     5     4
  113     1     2
  114     8     8
  115     8     8
  116     5     6
  117     3     4
  118     1     2
  119     1     2
  120     5     6
  121     8     9
  122     2     2
  123     2     1
  124     3     2
  125     3     4
  126     5     6
  127     2     3
  128     1     1
  129     4     4
  130     4     4
  131     2     3
  132    10    10
  133     9    10
  134     8     7
  135     2     2
  136     8     7
  137     9    10
  138     5     6
  139     1     1
  140     5     5
  141    11    10
  142     9     8
  143     9    10
  144     7     6
  145     8     8
  146     1     1
  147     9     9
  148    10    10
  149     5     6
  150     1     1
  151    10    10
  152     9    10
  153     1     1
  154     8     9
  155     6     5
  156     5     5
  157     8     9
  158    10    10
  159     3     3
  160     1     2
  161     9     8
  162    10    10
  163     4     5
  164     1     1
  165     4     4
  166     8     9
  167     9    10
  168     2     3
  169     4     3
  170     3     2
  171     3     4
  172     9     9
  173     2     2
  174     2     1
  175     8     8
  176    11    10
  177     1     1
  178     5     4
  179     4     5
  180     3     3
  181     5     4
  182     9     8
  183     8     7
  184    10     9
  185     5     4
  186     1     2
  187     3     3
  188    10    10
  189     2     1
  190     1     2
  191     3     3
  192     2     2
  193     6     5
  194     7     7
  195     8     8
  196     2     1
  197     5     5
  198     6     5
  199     3     2
  200     8     8
64
