200
    1    79    75
    2    82    83
    3     1     1
    4    56    66
    5    15    15
    6    23    29
    7     1     4
    8    95    99
    9   102   100
   10    74    81
   11    25    15
   12     1     2
   13    79    79
   14    23    23
   15    18    24
   16    41    40
   17    37    44
   18    99    99
   19    19    12
   20    86    81
   21    96    92
   22    80    83
   23    97    87
   24    76    78
   25    52    52
   26    74    67
   27    60    61
   28    11    15
   29     8    13
   30    35    38
   31    99    97
   32    15    11
   33    52    59
   34    49    56
   35    48    43
   36    25    16
   37    11    19
   38    71    72
   39     1     7
   40    83    82
   41    29    22
   42    46    45
   43    55    57
   44    41    49
   45    96    98
   46    11     6
   47    19    25
   48    26    25
   49     4     6
   50    62    55
   51    18    22
   52    25    19
   53    81    84
   54    18    15
   55    22    20
   56    27    35
   57   105   100
   58    38    30
   59    45    47
   60    11    17
   61    85    88
   62    22    22
   63    46    39
   64     2     6
   65    44    35
   66    24    19
   67    46    36
   68    22    26
   69     6     3
   70    35    25
   71    59    69
   72    71    65
   73    13    13
   74    15    10
   75    39    35
   76    55    64
   77    60    58
   78    30    34
   79    93    88
   80    95    90
   81    61    53
   82    19    13
   83    69    78
   84    66    69
   85     5     9
   86    89    85
   87    24    31
   88   101    99
   89    89    89
   90    51    46
   91    41    32
   92     1     8
   93    83    76
   94    62    67
   95    15    23
   96    19    16
   97    15     8
   98    12     8
   99    95    91
  100    86    95
  101    60    56
  102     1     7
  103    63    57
  104    66    59
  105    89    80
  106    20    17
  107    20    10
  108    69    74
  109    79    78
  110    32    36
  111    39    38
  112    43    42
  113    77    72
  114    44    36
  115    89    96
  116    80    82
  117    72    66
  118    33    36
  119     7    12
  120   106   100
  121   100    95
  122    62    52
  123    93    95
  124    53    62
  125    14     4
  126    11    18
  127    53    47
  128    64    55
  129    88    98
  130    68    78
  131    48    41
  132    34    36
  133    39    30
  134    66    71
  135    85    76
  136     6     9
  137    50    60
  138    11     6
  139    28    37
  140    79    71
  141    81    82
  142    72    72
  143    76    82
  144    71    74
  145    66    76
  146    70    77
  147    29    25
  148    55    50
  149    18    24
  150    44    49
  151   108   100
  152     5     8
  153    56    65
  154    73    83
  155    67    57
  156    98    99
  157    53    53
  158    40    42
  159    74    73
  160    85    88
  161    86    84
  162    72    70
  163    94    85
  164   100    93
  165    10    20
  166    80    77
  167    93    98
  168    81    87
  169    85    77
  170    37    40
  171    92    98
  172    30    33
  173    92   100
  174    26    33
  175    88    82
  176    32    30
  177    68    77
  178    74    76
  179    72    69
  180    56    47
  181    54    46
  182    96    92
  183    60    63
  184    72    71
  185    43    40
  186    31    40
  187     6     5
  188    94    96
  189   100    95
  190    61    52
  191    86    89
  192    84    90
  193   100    99
  194    37    27
  195    73    72
  196     1     5
  197    84    79
  198    66    69
  199    84    94
  200    48    52
425
