200
    1    41    36
    2    35    32
    3    82    74
    4    92    91
    5    25    28
    6    90    94
    7    71    69
    8    74    80
    9    47    49
   10     8    14
   11    49    56
   12    79    75
   13    31    40
   14    96   100
   15    66    61
   16    91    93
   17    33    37
   18    84    76
   19    99    97
   20   105    98
   21    64    57
   22    86    96
   23    88    96
   24    79    71
   25    83    89
   26    88    84
   27    11    10
   28    31    28
   29    34    42
   30   100    99
   31    25    30
   32    36    28
   33    48    40
   34    87    77
   35     6     8
   36    32    41
   37    98    96
   38    80    77
   39    52    60
   40    62    59
   41    32    27
   42    55    62
   43    34    38
   44     1    10
   45    80    75
   46     9     3
   47    13    18
   48    85    90
   49   107    99
   50    23    24
   51    39    47
   52    56    60
   53   103    97
   54    56    52
   55    55    45
   56    45    44
   57     3    13
   58    14    23
   59    45    36
   60    93    90
   61    49    49
   62     9    19
   63    28    28
   64    38    35
   65    15    12
   66    19    12
   67    34    37
   68    50    59
   69    11    16
   70    22    18
   71    54    50
   72     6     2
   73     1     6
   74    92    91
   75    76    84
   76   100    97
   77    21    15
   78    87    95
   79    12     5
   80    20    23
   81    13    14
   82    18    14
   83    39    39
   84    74    70
   85    11    10
   86    66    66
   87    41    44
   88    40    48
   89    67    58
   90    99    99
   91    63    57
   92    67    65
   93    23    13
   94    18    28
   95    77    84
   96    44    37
   97    15    13
   98    30    29
   99     1     4
  100    79    76
  101    27    37
  102     6     4
  103    49    50
  104    76    68
  105    74    69
  106    77    74
  107    58    67
  108    22    19
  109    29    19
  110    41    45
  111    10    15
  112    77    71
  113    27    21
  114    70    65
  115    70    77
  116    69    67
  117    61    59
  118     1     1
  119    94    85
  120    56    65
  121    31    32
  122    71    77
  123    52    60
  124    96    87
  125    43    53
  126    56    63
  127    17    12
  128    21    20
  129    67    63
  130    88    91
  131    32    22
  132    88    93
  133    87    79
  134    50    60
  135    14    13
  136     6     2
  137    43    33
  138    31    27
  139    44    46
  140    85    80
  141     5     3
  142     9    13
  143    33    27
  144    53    51
  145    86    81
  146    27    34
  147    38    38
  148    65    75
  149    75    77
  150     7     2
  151    49    49
  152     4    13
  153     1     6
  154    64    72
  155    74    78
  156    38    40
  157    43    42
  158    92    87
  159    50    46
  160    80    73
  161    94    93
  162    98    91
  163    88    82
  164    32    42
  165     2     1
  166     1     6
  167     9     3
  168    38    28
  169   100    94
  170    91    97
  171    23    15
  172    16    22
  173    28    29
  174    22    26
  175    75    71
  176    26    31
  177     7    14
  178    12    21
  179     3    10
  180    15    12
  181    43    43
  182    50    57
  183    44    48
  184    48    40
  185    47    49
  186    79    69
  187    56    50
  188    54    57
  189    27    36
  190     5     1
  191    40    50
  192   102    95
  193    44    36
  194    69    76
  195    10     9
  196    50    46
  197    77    68
  198    18    10
  199    37    39
  200    38    45
869
