50
    1   429   416
    2   658   724
    3   952   906
    4   836   811
    5   436   428
    6  1010   930
    7  1020   925
    8   225   300
    9   641   581
   10   961   970
   11   644   700
   12   878   851
   13   631   532
   14    93   148
   15   408   493
   16   991   909
   17    82   149
   18   430   512
   19    48    41
   20   818   902
   21   804   893
   22   713   776
   23   340   340
   24   412   343
   25   977   949
   26   754   736
   27   238   322
   28   130   208
   29   280   326
   30   538   551
   31   270   338
   32   172   220
   33   407   380
   34   381   453
   35    70     4
   36   691   721
   37   603   652
   38   616   709
   39   447   364
   40   827   727
   41   600   607
   42   473   386
   43   772   798
   44   747   782
   45   504   471
   46   104   139
   47   808   858
   48   681   586
   49   236   239
   50   609   624
1001
