50
    1   806   769
    2   869   893
    3   932   971
    4   909   996
    5    61   141
    6   522   563
    7   926   918
    8   572   517
    9   614   670
   10   495   507
   11   112    37
   12   111    84
   13   857   813
   14   275   373
   15    55    70
   16   395   470
   17   918   998
   18   713   657
   19   748   698
   20   352   295
   21   950   926
   22   522   529
   23   878   973
   24   939   872
   25   926   966
   26   675   681
   27     1     3
   28   702   761
   29   915   823
   30   486   512
   31   380   323
   32   326   333
   33   232   157
   34   522   438
   35  1008   917
   36  1011   986
   37    91   157
   38   843   830
   39    27    45
   40   306   312
   41   784   728
   42    99   139
   43   682   735
   44   773   703
   45   855   896
   46   878   828
   47   798   747
   48   524   499
   49   809   728
   50   311   217
1001
