500
    1    79    75
    2    82    83
    3     1     1
    4    56    66
    5    15    15
    6    23    29
    7     1     4
    8    95    99
    9   102   100
   10    74    81
   11    25    15
   12     1     2
   13    79    79
   14    23    23
   15    18    24
   16    41    40
   17    37    44
   18    99    99
   19    19    12
   20    86    81
   21    96    92
   22    80    83
   23    97    87
   24    76    78
   25    52    52
   26    74    67
   27    60    61
   28    11    15
   29     8    13
   30    35    38
   31    99    97
   32    15    11
   33    52    59
   34    49    56
   35    48    43
   36    25    16
   37    11    19
   38    71    72
   39     1     7
   40    83    82
   41    29    22
   42    46    45
   43    55    57
   44    41    49
   45    96    98
   46    11     6
   47    19    25
   48    26    25
   49     4     6
   50    62    55
   51    18    22
   52    25    19
   53    81    84
   54    18    15
   55    22    20
   56    27    35
   57   105   100
   58    38    30
   59    45    47
   60    11    17
   61    85    88
   62    22    22
   63    46    39
   64     2     6
   65    44    35
   66    24    19
   67    46    36
   68    22    26
   69     6     3
   70    35    25
   71    59    69
   72    71    65
   73    13    13
   74    15    10
   75    39    35
   76    55    64
   77    60    58
   78    30    34
   79    93    88
   80    95    90
   81    61    53
   82    19    13
   83    69    78
   84    66    69
   85     5     9
   86    89    85
   87    24    31
   88   101    99
   89    89    89
   90    51    46
   91    41    32
   92     1     8
   93    83    76
   94    62    67
   95    15    23
   96    19    16
   97    15     8
   98    12     8
   99    95    91
  100    86    95
  101    60    56
  102     1     7
  103    63    57
  104    66    59
  105    89    80
  106    20    17
  107    20    10
  108    69    74
  109    79    78
  110    32    36
  111    39    38
  112    43    42
  113    77    72
  114    44    36
  115    89    96
  116    80    82
  117    72    66
  118    33    36
  119     7    12
  120   106   100
  121   100    95
  122    62    52
  123    93    95
  124    53    62
  125    14     4
  126    11    18
  127    53    47
  128    64    55
  129    88    98
  130    68    78
  131    48    41
  132    34    36
  133    39    30
  134    66    71
  135    85    76
  136     6     9
  137    50    60
  138    11     6
  139    28    37
  140    79    71
  141    81    82
  142    72    72
  143    76    82
  144    71    74
  145    66    76
  146    70    77
  147    29    25
  148    55    50
  149    18    24
  150    44    49
  151   108   100
  152     5     8
  153    56    65
  154    73    83
  155    67    57
  156    98    99
  157    53    53
  158    40    42
  159    74    73
  160    85    88
  161    86    84
  162    72    70
  163    94    85
  164   100    93
  165    10    20
  166    80    77
  167    93    98
  168    81    87
  169    85    77
  170    37    40
  171    92    98
  172    30    33
  173    92   100
  174    26    33
  175    88    82
  176    32    30
  177    68    77
  178    74    76
  179    72    69
  180    56    47
  181    54    46
  182    96    92
  183    60    63
  184    72    71
  185    43    40
  186    31    40
  187     6     5
  188    94    96
  189   100    95
  190    61    52
  191    86    89
  192    84    90
  193   100    99
  194    37    27
  195    73    72
  196     1     5
  197    84    79
  198    66    69
  199    84    94
  200    48    52
  201    11     2
  202    48    48
  203    24    14
  204    14    18
  205    56    62
  206    94    84
  207    36    27
  208    11    21
  209    11    14
  210    18    16
  211    35    43
  212    89    83
  213     1     2
  214    39    36
  215    39    29
  216   105    98
  217    15     7
  218    21    11
  219    30    24
  220    37    45
  221    16    25
  222    21    28
  223    25    16
  224    84    79
  225     7     3
  226    38    39
  227    66    66
  228    12     4
  229    84    90
  230    64    74
  231    46    40
  232    15     9
  233    44    40
  234    23    33
  235    22    16
  236    27    19
  237    50    40
  238    28    24
  239    33    36
  240    50    60
  241    67    60
  242    39    42
  243    28    32
  244    14    18
  245    12    21
  246    35    34
  247    51    57
  248    58    57
  249    11    11
  250    54    51
  251    53    58
  252    96    98
  253    82    72
  254    63    73
  255    23    22
  256     1     4
  257    90    87
  258    96    87
  259    85    90
  260     2     8
  261    92    82
  262    72    64
  263    26    22
  264    49    50
  265    66    66
  266    42    33
  267    76    73
  268     7    15
  269    85    80
  270    15    14
  271    30    39
  272    66    66
  273    59    59
  274    50    46
  275    64    64
  276     1     1
  277    38    34
  278     9     5
  279    44    44
  280    40    35
  281    26    20
  282    36    37
  283    24    18
  284    64    54
  285    66    67
  286    46    52
  287    10    14
  288    14     4
  289    51    44
  290    19    18
  291    41    33
  292    85    75
  293    64    67
  294    78    77
  295    75    70
  296    89    94
  297    18    25
  298    58    49
  299    99    93
  300    65    67
  301    39    39
  302    21    14
  303    57    65
  304     7    16
  305    72    62
  306    57    51
  307    93    98
  308    96   100
  309    49    51
  310   101    94
  311    65    69
  312    27    17
  313    13    13
  314    75    73
  315    12     5
  316    27    21
  317    18    20
  318    67    76
  319    23    29
  320    63    60
  321    82    81
  322    59    58
  323    79    71
  324    27    37
  325    69    76
  326    29    38
  327    89    81
  328    32    42
  329     4     9
  330    87    96
  331    14    19
  332    43    34
  333    58    68
  334    80    75
  335    46    49
  336    71    66
  337    41    46
  338    80    86
  339    60    63
  340    64    67
  341     4    12
  342    41    33
  343    13    17
  344    85    75
  345    23    31
  346    70    62
  347    51    55
  348    90    85
  349    65    64
  350    67    70
  351    34    43
  352    31    39
  353    20    15
  354     9     7
  355    25    31
  356    26    28
  357    81    86
  358    22    26
  359    42    34
  360    52    45
  361    78    69
  362    84    88
  363    76    68
  364   106    97
  365     1     9
  366    62    58
  367    39    40
  368    93    91
  369    27    22
  370    41    38
  371    69    79
  372    85    93
  373    65    67
  374    19    13
  375     9     7
  376    72    64
  377    85    82
  378    41    49
  379    42    39
  380    47    40
  381    53    62
  382    34    26
  383    93    99
  384    69    70
  385    34    26
  386    48    38
  387    55    54
  388    46    37
  389    64    61
  390    21    15
  391    33    38
  392    81    88
  393    84    74
  394    69    77
  395    96    91
  396    48    56
  397    49    55
  398    21    11
  399    45    41
  400    86    76
  401    13    19
  402    34    44
  403    24    21
  404    61    54
  405    37    29
  406    83    83
  407    87    89
  408    24    33
  409    55    61
  410     1     1
  411    13    18
  412    88    86
  413    19    16
  414   100   100
  415    37    30
  416    17    13
  417    51    58
  418    72    63
  419    26    27
  420    13    19
  421    16    20
  422    45    50
  423    67    68
  424    35    31
  425    50    47
  426    73    64
  427    35    33
  428    21    15
  429    44    37
  430    87    89
  431    41    34
  432    88    81
  433    81    85
  434    76    80
  435    11    18
  436    32    40
  437    85    85
  438    47    47
  439    91    93
  440    12     6
  441    92    93
  442    98    91
  443    26    35
  444    44    41
  445    19    10
  446    75    79
  447    66    64
  448     1     4
  449    54    54
  450    49    50
  451    12    20
  452    18    12
  453   103   100
  454    90    82
  455    94    93
  456    78    69
  457    37    46
  458     9     1
  459    82    90
  460    12    13
  461    33    32
  462    64    73
  463    99    92
  464     1     5
  465    91    83
  466    21    21
  467    35    29
  468    53    61
  469    31    33
  470    34    28
  471     1     3
  472    59    62
  473    21    21
  474    61    51
  475    95    87
  476    60    50
  477    95    94
  478    27    23
  479    86    80
  480     1     6
  481    37    46
  482    65    74
  483    98    98
  484    91    81
  485    48    44
  486    62    68
  487    90    85
  488    90    95
  489    86    80
  490    46    36
  491     9    14
  492    82    90
  493   101   100
  494    67    70
  495    36    42
  496    38    29
  497    22    18
  498    12     8
  499    30    27
  500    73    69
1005
