50
    1    68    76
    2     3     4
    3    17    14
    4    52    51
    5    32    28
    6    61    62
    7    90    97
    8     7    16
    9    91    89
   10    25    18
   11    46    52
   12    95    87
   13    62    60
   14   108   100
   15    48    53
   16     1     1
   17   103    93
   18    36    44
   19    64    69
   20    23    26
   21    20    25
   22    37    36
   23    58    68
   24    12     7
   25    67    69
   26    61    60
   27    49    42
   28    65    68
   29    14    10
   30   106    99
   31    35    34
   32    28    24
   33    37    36
   34    34    41
   35    63    56
   36    91    81
   37    26    24
   38    97    93
   39    95    88
   40    73    67
   41    53    43
   42    44    50
   43    90    94
   44    62    70
   45    17    23
   46    88    95
   47     9    14
   48    29    38
   49    87    95
   50    58    48
131
