500
    1     1     2
    2     3     2
    3     3     4
    4     1     1
    5     5     4
    6     8     8
    7     2     3
    8     7     8
    9     9     9
   10     3     2
   11    11    10
   12     4     5
   13     5     6
   14    11    10
   15     8     7
   16     1     1
   17     8     9
   18     7     6
   19     3     3
   20     1     2
   21     1     1
   22     1     2
   23     1     2
   24     2     3
   25     2     3
   26     8     8
   27    11    10
   28     1     2
   29     2     2
   30     4     3
   31     5     6
   32     2     2
   33     8     8
   34     9     9
   35     3     2
   36     2     1
   37     4     4
   38     4     5
   39     9     8
   40    10     9
   41     5     5
   42     5     6
   43     5     6
   44     7     6
   45     5     5
   46     3     3
   47     3     2
   48     4     4
   49     2     1
   50     7     6
   51     6     7
   52     3     4
   53     4     3
   54     8     8
   55     5     5
   56     9    10
   57     6     7
   58     4     5
   59     9    10
   60     1     2
   61     6     5
   62     8     9
   63     3     2
   64     2     3
   65    11    10
   66     4     4
   67     8     7
   68     6     5
   69     3     2
   70    11    10
   71     9     8
   72     8     8
   73     8     8
   74     9     9
   75     5     4
   76     4     3
   77     3     3
   78     1     1
   79     8     9
   80     1     1
   81    11    10
   82     4     4
   83     4     5
   84     9    10
   85     9    10
   86     5     4
   87     9     8
   88    10    10
   89     9    10
   90     8     9
   91     6     7
   92     2     3
   93     9     9
   94     5     4
   95    11    10
   96     9     9
   97     1     1
   98     2     1
   99     7     8
  100     5     4
  101     5     5
  102     5     6
  103     5     4
  104     5     4
  105     3     3
  106     3     2
  107     4     3
  108     1     1
  109     3     3
  110     1     1
  111     5     5
  112     9     9
  113     3     3
  114     3     3
  115     6     5
  116     2     3
  117     2     3
  118     6     5
  119     8     7
  120     8     9
  121     5     6
  122     6     7
  123     4     4
  124     6     7
  125     3     3
  126     4     5
  127     6     6
  128     3     4
  129     7     7
  130     7     7
  131    10    10
  132     1     1
  133    10     9
  134     3     4
  135    10     9
  136     6     6
  137     4     3
  138     8     9
  139     1     2
  140     7     6
  141     5     5
  142     8     7
  143    10     9
  144     2     1
  145    10     9
  146     3     2
  147     2     2
  148     6     5
  149     6     7
  150    10    10
  151     8     9
  152     2     1
  153     9     8
  154     5     6
  155    10    10
  156     4     4
  157     7     6
  158    10     9
  159     5     6
  160     8     9
  161     8     9
  162     3     3
  163     3     4
  164     2     2
  165    10     9
  166     5     4
  167     1     1
  168     1     2
  169     7     6
  170     4     5
  171     9     9
  172     6     6
  173     7     7
  174     8     8
  175     6     5
  176     1     1
  177     8     8
  178     3     3
  179     3     4
  180     7     6
  181     6     5
  182     1     1
  183     5     4
  184     1     2
  185     5     5
  186     6     7
  187     1     2
  188     2     3
  189    11    10
  190     1     1
  191     3     4
  192     2     3
  193     1     2
  194     6     6
  195     4     5
  196    11    10
  197     1     2
  198     5     4
  199     1     1
  200     8     7
  201     3     3
  202     4     5
  203     7     7
  204     6     5
  205     8     7
  206    10     9
  207     8     8
  208     4     4
  209    10     9
  210     1     1
  211     3     2
  212     3     2
  213     4     3
  214     8     7
  215     3     4
  216     2     1
  217     8     8
  218     5     4
  219     3     3
  220     7     8
  221     3     4
  222     2     1
  223     1     1
  224    11    10
  225     7     6
  226    10    10
  227    10     9
  228     6     7
  229     6     5
  230     6     7
  231     1     1
  232     4     4
  233     4     3
  234    10    10
  235     3     3
  236     9    10
  237     4     3
  238     6     5
  239     5     5
  240     4     3
  241     4     3
  242     5     5
  243     6     7
  244     2     1
  245     5     4
  246     3     3
  247    11    10
  248     1     2
  249     9     8
  250     9     8
  251     3     3
  252     2     3
  253     1     1
  254    11    10
  255     7     7
  256     1     1
  257     3     4
  258     2     2
  259     7     7
  260     4     3
  261     2     1
  262     2     1
  263     8     7
  264     6     7
  265     5     5
  266     9     8
  267     1     2
  268     1     2
  269     8     7
  270     8     9
  271     1     2
  272     5     5
  273     8     8
  274     9     9
  275     1     1
  276     8     8
  277     4     5
  278     5     6
  279     5     5
  280     3     2
  281    10     9
  282     9     8
  283     4     5
  284     7     7
  285     6     6
  286     7     7
  287     3     3
  288     8     9
  289     1     1
  290     8     7
  291     3     2
  292     7     8
  293     3     4
  294     9    10
  295     1     1
  296     8     7
  297     4     4
  298     7     6
  299     4     4
  300     5     4
  301     8     8
  302    10     9
  303     5     4
  304     3     3
  305     4     5
  306     3     4
  307     2     3
  308     4     5
  309     4     4
  310     4     5
  311     1     2
  312    11    10
  313     8     8
  314     3     4
  315     6     6
  316     1     2
  317     4     3
  318     2     3
  319     7     6
  320    10     9
  321     1     2
  322     5     5
  323     5     4
  324     5     4
  325     1     1
  326     1     1
  327     3     4
  328     2     3
  329     5     4
  330     8     7
  331     5     4
  332     2     3
  333     4     3
  334     1     2
  335     7     8
  336     1     1
  337     2     3
  338     5     5
  339     7     6
  340     5     6
  341     2     1
  342    11    10
  343     8     8
  344     1     2
  345    10    10
  346    10     9
  347    11    10
  348     4     4
  349     8     9
  350     1     1
  351     6     6
  352     6     6
  353     2     2
  354     1     2
  355     7     8
  356     1     1
  357     8     9
  358     6     5
  359     8     7
  360     5     6
  361     8     8
  362     4     5
  363     6     5
  364     8     8
  365     7     6
  366     4     3
  367     6     7
  368     2     2
  369     1     1
  370     4     5
  371     7     8
  372     7     8
  373     2     2
  374     2     2
  375     6     6
  376     4     3
  377     8     9
  378    11    10
  379     7     6
  380     1     1
  381     6     7
  382     8     9
  383     7     6
  384     1     1
  385     3     3
  386     1     1
  387     7     7
  388     5     6
  389     1     2
  390     1     2
  391     1     1
  392     1     1
  393     5     5
  394     7     8
  395     7     8
  396     5     5
  397     7     6
  398     5     6
  399     2     2
  400     2     1
  401     3     4
  402     4     5
  403     5     4
  404     1     1
  405    11    10
  406     4     4
  407     6     6
  408     7     6
  409     9    10
  410     1     2
  411     9     9
  412     2     3
  413     9     9
  414     5     5
  415     6     7
  416     8     8
  417     7     7
  418     8     8
  419     1     2
  420     7     8
  421     5     5
  422     4     3
  423     3     3
  424     6     6
  425     8     8
  426     8     7
  427     7     6
  428     5     4
  429     1     2
  430     2     2
  431     4     5
  432     7     8
  433     7     8
  434     3     3
  435     1     1
  436     1     1
  437     1     2
  438     9     8
  439     5     4
  440     7     7
  441    10    10
  442     6     6
  443     9     8
  444     3     2
  445     8     7
  446     6     6
  447     6     5
  448     8     7
  449     8     7
  450     7     7
  451     4     3
  452     4     5
  453     8     7
  454     6     7
  455     3     4
  456     6     6
  457     2     1
  458    10    10
  459     9     9
  460     5     4
  461     4     3
  462     8     8
  463     2     1
  464     8     8
  465     8     8
  466     6     6
  467    10    10
  468     9     8
  469     3     4
  470     9     9
  471     1     2
  472     1     1
  473     9    10
  474     6     6
  475    10    10
  476     2     1
  477     7     7
  478     4     4
  479     1     1
  480     5     5
  481     2     3
  482    10     9
  483     1     1
  484     3     4
  485     5     5
  486     1     1
  487    11    10
  488     5     4
  489    10     9
  490     3     3
  491     8     7
  492     9     9
  493     3     3
  494     6     5
  495    10     9
  496     7     8
  497     1     1
  498     3     3
  499     5     4
  500    10    10
182
