500
    1   806   769
    2   869   893
    3   932   971
    4   909   996
    5    61   141
    6   522   563
    7   926   918
    8   572   517
    9   614   670
   10   495   507
   11   112    37
   12   111    84
   13   857   813
   14   275   373
   15    55    70
   16   395   470
   17   918   998
   18   713   657
   19   748   698
   20   352   295
   21   950   926
   22   522   529
   23   878   973
   24   939   872
   25   926   966
   26   675   681
   27     1     3
   28   702   761
   29   915   823
   30   486   512
   31   380   323
   32   326   333
   33   232   157
   34   522   438
   35  1008   917
   36  1011   986
   37    91   157
   38   843   830
   39    27    45
   40   306   312
   41   784   728
   42    99   139
   43   682   735
   44   773   703
   45   855   896
   46   878   828
   47   798   747
   48   524   499
   49   809   728
   50   311   217
   51    33    72
   52   390   313
   53   346   390
   54   142   221
   55    86    82
   56    96   153
   57   719   786
   58    25   124
   59   874   893
   60   411   419
   61   431   454
   62  1013   932
   63   794   753
   64   648   572
   65   413   493
   66   303   341
   67   838   806
   68   332   344
   69   896   989
   70  1079   979
   71   783   847
   72   878   951
   73   110   135
   74     1    88
   75   853   825
   76   802   722
   77   718   764
   78   529   540
   79   527   562
   80   936   868
   81   988   927
   82   873   783
   83   167   252
   84   353   379
   85   724   679
   86   457   443
   87  1045   985
   88   313   349
   89   151   171
   90   816   796
   91   157   182
   92   527   446
   93   346   382
   94   464   521
   95   151   129
   96   856   878
   97   881   786
   98   297   258
   99   501   437
  100   558   573
  101   667   742
  102     1    17
  103   847   851
  104   491   425
  105   765   794
  106   447   515
  107   897   808
  108   650   668
  109   628   560
  110   151   182
  111   124   148
  112   391   312
  113   266   234
  114   626   586
  115   781   694
  116   546   548
  117   971   920
  118   826   730
  119   751   794
  120   505   422
  121   619   601
  122   450   402
  123   258   189
  124   772   872
  125   910   854
  126   504   568
  127   620   661
  128   889   789
  129   453   452
  130   623   564
  131   493   427
  132   445   394
  133   551   600
  134   840   897
  135   728   722
  136   902   911
  137   227   242
  138     1    28
  139   299   223
  140   843   837
  141   250   236
  142    90   106
  143   709   624
  144   791   704
  145   554   602
  146   620   595
  147   809   879
  148   737   668
  149   361   354
  150    55   107
  151   327   302
  152   450   474
  153   402   467
  154   484   397
  155   597   619
  156     1    73
  157   891   927
  158   953   984
  159   370   323
  160   530   454
  161   543   522
  162   590   612
  163  1013   967
  164   377   303
  165   173   178
  166   621   715
  167   451   396
  168   475   561
  169   161   199
  170   117   106
  171     6    92
  172  1064   967
  173   215   138
  174   701   695
  175   556   616
  176   402   420
  177   384   303
  178   538   570
  179   408   351
  180   267   221
  181   656   668
  182    72    86
  183   941   989
  184   291   233
  185   647   666
  186   393   398
  187   283   295
  188   211   130
  189   908   849
  190   146   122
  191   831   915
  192   414   476
  193   502   525
  194   347   417
  195   669   738
  196   162    99
  197   980   901
  198   537   511
  199   253   256
  200   713   614
  201   534   440
  202   646   550
  203   790   720
  204   604   520
  205    41   128
  206   184   110
  207   873   825
  208   447   451
  209   655   568
  210   516   510
  211   291   261
  212    15    69
  213   597   656
  214   479   578
  215   626   647
  216   445   388
  217   593   581
  218   272   261
  219  1074   994
  220   137    43
  221   761   835
  222   655   558
  223   865   918
  224   104   109
  225   280   221
  226    84    37
  227   454   492
  228   496   566
  229   618   584
  230    69   108
  231   128    38
  232   289   255
  233   181   118
  234     8    79
  235     1    26
  236   506   593
  237   920   998
  238   683   590
  239   557   526
  240   620   542
  241   458   422
  242   540   480
  243   904   882
  244   167   180
  245    57    75
  246   805   832
  247   731   747
  248   834   835
  249   250   205
  250   944   961
  251   800   892
  252   333   268
  253   736   742
  254     1    83
  255  1003   964
  256  1003   978
  257   859   953
  258    60    21
  259   848   788
  260   463   530
  261   271   172
  262   927   866
  263   894   944
  264   596   660
  265   472   456
  266   797   847
  267   514   515
  268    72    25
  269   489   422
  270   842   840
  271   130    69
  272   238   292
  273   340   257
  274   624   640
  275   761   678
  276   888   907
  277   324   376
  278   388   407
  279   895   946
  280   809   893
  281   288   354
  282   154    91
  283     1    36
  284   409   460
  285   138    73
  286  1032   962
  287   269   220
  288   431   402
  289   123   210
  290   735   732
  291   851   755
  292   330   301
  293   239   257
  294   860   867
  295   273   308
  296   325   324
  297   633   599
  298   579   675
  299   768   731
  300   440   425
  301   451   477
  302   269   212
  303     1    87
  304   603   654
  305    99    24
  306   847   781
  307   708   640
  308   420   474
  309   770   845
  310   430   344
  311   109    35
  312   431   379
  313   511   611
  314   694   675
  315   258   267
  316   741   779
  317     1    14
  318   331   394
  319   677   687
  320   637   694
  321   885   799
  322   641   616
  323    37     1
  324   310   319
  325   928   990
  326   159   132
  327   966   947
  328   906   880
  329   215   187
  330   653   694
  331   399   457
  332   313   216
  333   122   190
  334   214   153
  335   956   883
  336   957   972
  337   169   100
  338   695   648
  339   978   889
  340   220   137
  341   170    98
  342   343   315
  343   824   863
  344   683   645
  345   245   313
  346   481   432
  347   488   457
  348   669   571
  349   314   370
  350   332   300
  351   741   701
  352   926   901
  353  1005   937
  354   245   289
  355   883   845
  356   168    74
  357   377   372
  358   268   232
  359   277   244
  360   350   359
  361   413   323
  362  1070   990
  363   962   942
  364   767   727
  365   842   879
  366   190   216
  367   959   866
  368   881   893
  369   809   892
  370   695   648
  371   445   481
  372   553   495
  373   423   353
  374   936   855
  375   771   757
  376   510   474
  377   606   668
  378    93   123
  379   347   309
  380   359   434
  381   107    80
  382   378   312
  383   184   165
  384   718   632
  385   331   304
  386   695   696
  387   469   408
  388   604   507
  389   806   747
  390     1    29
  391   745   728
  392   326   426
  393   175   272
  394   147   179
  395   404   329
  396   187   118
  397   505   409
  398   662   737
  399   335   299
  400   216   290
  401   137   233
  402   547   534
  403   871   831
  404   381   476
  405   333   255
  406   223   157
  407     1    31
  408   334   299
  409   594   619
  410   346   339
  411   542   480
  412    11    24
  413   284   270
  414     1    30
  415   449   528
  416   628   679
  417    94   140
  418     1    13
  419   715   721
  420   893   933
  421   226   154
  422   840   868
  423   311   278
  424   217   225
  425    35     9
  426   244   182
  427   859   947
  428   682   645
  429   842   883
  430   113    19
  431     1    24
  432   606   699
  433   925   867
  434    66    50
  435  1066   996
  436   618   530
  437   811   759
  438    59    69
  439   801   875
  440   834   920
  441   866   791
  442   168   265
  443    34    89
  444     1    63
  445   448   348
  446   550   485
  447   792   726
  448   225   258
  449   573   644
  450   961   928
  451   528   586
  452   797   742
  453   396   354
  454   824   740
  455   953   879
  456     1    27
  457   617   688
  458   920   967
  459   737   676
  460   703   707
  461   897   958
  462   533   487
  463     1    30
  464   362   303
  465   168   257
  466   815   843
  467   690   679
  468   336   319
  469   570   591
  470   637   654
  471   704   689
  472  1024   952
  473   522   527
  474   145    53
  475    83   129
  476   304   252
  477   114   188
  478   567   629
  479   459   502
  480   560   512
  481   526   488
  482   406   480
  483   535   504
  484   551   607
  485    44   114
  486   867   942
  487   710   763
  488   629   609
  489    69   122
  490   914   854
  491   748   708
  492   380   344
  493   758   714
  494  1027   988
  495   387   304
  496   963   959
  497   995   956
  498   842   770
  499   964   985
  500   947   851
5114
