50
    1    79    75
    2    82    83
    3     1     1
    4    56    66
    5    15    15
    6    23    29
    7     1     4
    8    95    99
    9   102   100
   10    74    81
   11    25    15
   12     1     2
   13    79    79
   14    23    23
   15    18    24
   16    41    40
   17    37    44
   18    99    99
   19    19    12
   20    86    81
   21    96    92
   22    80    83
   23    97    87
   24    76    78
   25    52    52
   26    74    67
   27    60    61
   28    11    15
   29     8    13
   30    35    38
   31    99    97
   32    15    11
   33    52    59
   34    49    56
   35    48    43
   36    25    16
   37    11    19
   38    71    72
   39     1     7
   40    83    82
   41    29    22
   42    46    45
   43    55    57
   44    41    49
   45    96    98
   46    11     6
   47    19    25
   48    26    25
   49     4     6
   50    62    55
101
