50
    1     7     6
    2     3     4
    3     4     4
    4     2     1
    5     9     8
    6     1     2
    7     6     7
    8     6     6
    9     8     9
   10     9     8
   11     2     2
   12     6     7
   13     9    10
   14     9    10
   15     4     3
   16     1     1
   17     4     3
   18     5     4
   19    10     9
   20     6     6
   21     6     5
   22     7     6
   23     7     8
   24     6     7
   25    10     9
   26    11    10
   27     3     2
   28     8     8
   29    11    10
   30    10     9
   31     5     4
   32     5     4
   33     7     6
   34     1     1
   35     7     6
   36     2     1
   37     3     4
   38     4     3
   39     9     8
   40     7     7
   41     4     3
   42    10    10
   43     3     4
   44    11    10
   45     3     3
   46     4     5
   47     5     4
   48     8     8
   49     6     5
   50     9     8
14
