50
    1    14    16
    2    21    24
    3     4     6
    4    12    11
    5    18    28
    6    32    30
    7    30    25
    8   109   100
    9    87    81
   10    67    70
   11    95   100
   12    42    51
   13    26    32
   14    47    48
   15   101    93
   16    13     9
   17    54    49
   18    11    12
   19    48    41
   20     8     2
   21    97    93
   22    67    76
   23    49    40
   24    43    43
   25    53    49
   26    36    36
   27    16    22
   28     1     8
   29    19    26
   30    41    51
   31    45    38
   32    20    20
   33    74    80
   34    50    53
   35     1     4
   36    27    21
   37    54    52
   38    12     9
   39    63    64
   40    34    27
   41     3     7
   42    83    86
   43    96    98
   44    74    82
   45    77    71
   46    40    39
   47    53    58
   48    94    86
   49    36    39
   50    24    24
101
