500
    1    28    29
    2    74    73
    3    89    79
    4    27    36
    5    47    41
    6    99    95
    7    80    90
    8    88    81
    9    30    30
   10    53    55
   11    40    41
   12    68    72
   13    99    93
   14    18    25
   15    28    30
   16    63    62
   17    48    42
   18    96    89
   19    28    26
   20    29    19
   21    67    58
   22    92    89
   23     1     1
   24    46    36
   25    82    86
   26    50    53
   27    67    71
   28    67    69
   29    45    55
   30     6    12
   31    71    71
   32    95    89
   33    70    61
   34    65    74
   35    59    69
   36    55    46
   37    20    29
   38    23    14
   39    66    69
   40     1     4
   41    58    64
   42    13     3
   43    75    79
   44    35    43
   45    92   100
   46    84    84
   47     1     3
   48    55    51
   49    39    32
   50    85    93
   51    63    72
   52    19    25
   53    21    30
   54    56    61
   55    19    10
   56    60    69
   57    60    66
   58    80    88
   59    52    53
   60    65    67
   61    24    22
   62    51    60
   63    25    25
   64    96    88
   65    27    25
   66    37    45
   67    75    66
   68    51    60
   69    60    69
   70    23    23
   71    39    43
   72    27    31
   73    92    91
   74    32    32
   75    40    45
   76    66    58
   77    99   100
   78    22    28
   79    76    66
   80    59    64
   81    36    27
   82    49    43
   83    52    52
   84    55    59
   85    42    39
   86    21    27
   87    23    25
   88    50    49
   89    59    55
   90    56    48
   91    86    82
   92    80    70
   93    23    22
   94    54    61
   95    27    17
   96    46    54
   97    22    30
   98     8     6
   99    97    97
  100    22    17
  101    24    18
  102   102    97
  103    22    15
  104    92    93
  105    65    66
  106    77    71
  107     6    12
  108    31    32
  109    49    44
  110    91    90
  111    79    80
  112    19    24
  113    67    62
  114    41    38
  115   104    98
  116     6    16
  117    57    64
  118    44    42
  119    75    82
  120    16    26
  121    79    89
  122     1     2
  123     2     1
  124    59    52
  125    53    54
  126     9    16
  127    26    33
  128    21    21
  129    35    44
  130    44    44
  131     2     3
  132    39    30
  133    59    60
  134    95    97
  135    79    82
  136    11     7
  137    23    30
  138    44    36
  139    41    51
  140     8     5
  141    81    80
  142    36    38
  143    30    40
  144   103    96
  145   107    98
  146     1    11
  147    10    19
  148    71    80
  149    45    46
  150    82    91
  151    59    50
  152    80    90
  153    10    11
  154    59    69
  155   102    95
  156    19    25
  157    81    79
  158   100   100
  159    29    23
  160    15    22
  161   108    98
  162    71    80
  163    54    55
  164    24    31
  165     8    14
  166    44    39
  167   102   100
  168    18    13
  169     1     3
  170    14    22
  171    12     4
  172    99    99
  173    53    62
  174    69    71
  175    57    48
  176    35    40
  177    42    51
  178    38    34
  179    31    35
  180    70    73
  181    25    24
  182    93    98
  183    29    37
  184     4     9
  185    15    14
  186    84    82
  187    69    63
  188    19    10
  189    45    41
  190    81    82
  191    69    63
  192    58    52
  193    20    25
  194    28    37
  195    67    58
  196    12    11
  197     1     5
  198    73    75
  199    42    32
  200    29    38
  201     2    12
  202    50    46
  203    58    60
  204    17    16
  205    97    96
  206    57    58
  207    84    81
  208    47    39
  209    55    60
  210    12    22
  211    72    73
  212    51    45
  213    86    96
  214    92    94
  215    51    59
  216    53    60
  217    78    85
  218     1     9
  219    63    54
  220    57    47
  221    19    15
  222    50    50
  223    70    62
  224    50    49
  225    80    85
  226    51    41
  227    45    40
  228    96    94
  229    87    96
  230    48    40
  231    96    90
  232    13    11
  233    72    62
  234    94    87
  235    14     6
  236    96    93
  237    90    82
  238    55    58
  239    56    46
  240    85    78
  241    60    50
  242    13     4
  243    89    82
  244    64    56
  245    72    67
  246    31    36
  247     5    15
  248    80    79
  249    72    69
  250    90    89
  251    80    76
  252    36    28
  253     1     2
  254    19    11
  255    75    80
  256    84    82
  257    63    73
  258    59    53
  259    36    40
  260    32    38
  261   100    92
  262    71    62
  263    45    52
  264   100    92
  265    14    24
  266    22    19
  267    80    83
  268    54    57
  269    40    38
  270    94    88
  271    66    61
  272    96    92
  273    60    61
  274    52    52
  275     4     2
  276   103    95
  277    98    92
  278     1     3
  279    93    90
  280    77    77
  281    86    86
  282    31    31
  283   107   100
  284   106   100
  285    10     9
  286    41    42
  287    65    56
  288    55    58
  289    80    78
  290     1     4
  291    66    63
  292     7     1
  293    26    29
  294    27    35
  295    76    80
  296    17    16
  297    51    51
  298    67    75
  299    12     3
  300    67    57
  301    46    53
  302    57    64
  303    82    91
  304    87    78
  305    44    52
  306    65    73
  307     1     4
  308    88    78
  309     1     5
  310   105    96
  311    44    51
  312    65    55
  313    59    67
  314    69    71
  315    53    43
  316    18    11
  317    19    26
  318    12     6
  319    27    19
  320    32    26
  321    63    63
  322    92   100
  323    35    41
  324    65    55
  325    20    14
  326    53    44
  327    73    67
  328    49    56
  329    79    79
  330    46    46
  331    39    33
  332     1     4
  333    84    94
  334    52    45
  335    22    15
  336     4    12
  337    36    44
  338    81    76
  339    92    85
  340   107    97
  341    80    78
  342    42    51
  343    66    71
  344    58    57
  345     1     1
  346    43    44
  347    11     5
  348    40    47
  349    10     6
  350   102    92
  351    77    85
  352    72    77
  353    89    93
  354    82    73
  355    78    69
  356    35    34
  357    48    48
  358    69    72
  359    75    72
  360    83    83
  361    15    15
  362    76    86
  363    44    42
  364    17    19
  365    31    39
  366    53    52
  367    66    66
  368    81    89
  369    97   100
  370    72    80
  371    19    25
  372    46    43
  373    85    81
  374    19    19
  375    47    57
  376    48    54
  377    54    48
  378    22    23
  379    24    17
  380   102    94
  381    98    92
  382   100    92
  383    83    81
  384    10     8
  385    57    48
  386    70    80
  387    44    48
  388    59    67
  389    66    75
  390    40    49
  391    92   100
  392    58    50
  393    31    24
  394    70    75
  395    51    53
  396    46    46
  397    59    53
  398    38    33
  399    32    35
  400    52    62
  401     1     5
  402    52    54
  403    68    63
  404    39    32
  405     7     3
  406    57    57
  407    51    47
  408    74    67
  409     1     3
  410    22    15
  411     6     8
  412    38    48
  413    60    62
  414    76    70
  415    84    80
  416    95    95
  417    34    24
  418    18    13
  419    28    33
  420    10     5
  421    90    86
  422    23    32
  423    65    58
  424    90    89
  425    82    85
  426    55    46
  427    61    71
  428    93    85
  429    45    39
  430     6     7
  431    39    44
  432    12    11
  433    11     3
  434    67    58
  435    38    40
  436    41    50
  437    49    59
  438    29    25
  439    20    11
  440    40    40
  441    86    95
  442    26    17
  443    28    29
  444    28    19
  445    78    72
  446    30    25
  447    41    50
  448    47    50
  449    22    16
  450    21    24
  451    57    54
  452    22    30
  453   100    98
  454    83    76
  455    13     7
  456    17    11
  457    49    52
  458    80    83
  459    43    52
  460    73    71
  461     1     6
  462    49    59
  463    47    54
  464     5     7
  465     7     9
  466    51    47
  467    32    31
  468    12     3
  469    17    23
  470     1     2
  471    59    69
  472    16    20
  473    63    63
  474    48    49
  475    52    45
  476    94    96
  477    90   100
  478    16    17
  479    65    58
  480   100   100
  481     1     4
  482    70    68
  483    37    40
  484    10     3
  485    83    74
  486    85    94
  487    46    55
  488    84    81
  489    85    90
  490    25    18
  491    65    68
  492    35    36
  493    29    34
  494    14     4
  495    76    80
  496   107    99
  497    74    80
  498    89    98
  499    79    69
  500    28    35
1533
