50
    1    41    36
    2    35    32
    3    82    74
    4    92    91
    5    25    28
    6    90    94
    7    71    69
    8    74    80
    9    47    49
   10     8    14
   11    49    56
   12    79    75
   13    31    40
   14    96   100
   15    66    61
   16    91    93
   17    33    37
   18    84    76
   19    99    97
   20   105    98
   21    64    57
   22    86    96
   23    88    96
   24    79    71
   25    83    89
   26    88    84
   27    11    10
   28    31    28
   29    34    42
   30   100    99
   31    25    30
   32    36    28
   33    48    40
   34    87    77
   35     6     8
   36    32    41
   37    98    96
   38    80    77
   39    52    60
   40    62    59
   41    32    27
   42    55    62
   43    34    38
   44     1    10
   45    80    75
   46     9     3
   47    13    18
   48    85    90
   49   107    99
   50    23    24
263
