500
    1     7     6
    2     3     4
    3     4     4
    4     2     1
    5     9     8
    6     1     2
    7     6     7
    8     6     6
    9     8     9
   10     9     8
   11     2     2
   12     6     7
   13     9    10
   14     9    10
   15     4     3
   16     1     1
   17     4     3
   18     5     4
   19    10     9
   20     6     6
   21     6     5
   22     7     6
   23     7     8
   24     6     7
   25    10     9
   26    11    10
   27     3     2
   28     8     8
   29    11    10
   30    10     9
   31     5     4
   32     5     4
   33     7     6
   34     1     1
   35     7     6
   36     2     1
   37     3     4
   38     4     3
   39     9     8
   40     7     7
   41     4     3
   42    10    10
   43     3     4
   44    11    10
   45     3     3
   46     4     5
   47     5     4
   48     8     8
   49     6     5
   50     9     8
   51     8     7
   52     9     8
   53     6     7
   54     1     2
   55     4     5
   56     8     8
   57     4     3
   58     9     9
   59     6     6
   60     3     2
   61     1     1
   62     1     1
   63     5     6
   64     1     1
   65     9    10
   66     7     6
   67     6     7
   68     2     3
   69     5     6
   70     3     4
   71     7     6
   72     3     2
   73     1     2
   74     8     7
   75     5     4
   76     1     1
   77     9     9
   78     6     7
   79     3     3
   80     7     7
   81     4     4
   82     4     4
   83     8     9
   84    10    10
   85    11    10
   86     1     2
   87     2     2
   88    11    10
   89     2     2
   90     6     7
   91     7     7
   92     9     9
   93     3     3
   94     8     8
   95     7     6
   96     1     1
   97     9     9
   98     1     1
   99     4     4
  100     3     2
  101     1     1
  102     6     6
  103     6     6
  104    10    10
  105     8     7
  106     9    10
  107     1     1
  108     3     3
  109     6     7
  110     7     7
  111     2     3
  112     9     9
  113     3     3
  114     2     3
  115     2     3
  116    10     9
  117     4     5
  118    10     9
  119     7     7
  120     4     3
  121     1     2
  122     8     7
  123     8     8
  124     8     7
  125     2     3
  126     6     7
  127    11    10
  128     8     8
  129     1     1
  130     1     1
  131     6     6
  132     8     7
  133     8     9
  134    11    10
  135     4     5
  136     7     8
  137     4     5
  138     1     1
  139    10    10
  140     1     2
  141     7     7
  142     1     1
  143     1     1
  144     2     1
  145     6     7
  146     8     8
  147     9     8
  148     4     5
  149     6     5
  150    11    10
  151    10     9
  152     8     9
  153     1     2
  154     9    10
  155     3     2
  156     7     8
  157     3     2
  158     1     1
  159     8     8
  160     5     5
  161     7     7
  162     4     5
  163     4     4
  164     3     2
  165     7     7
  166     3     4
  167     9     9
  168     6     6
  169    10    10
  170     2     1
  171     2     1
  172    10    10
  173     6     5
  174     1     2
  175    10     9
  176     1     1
  177     4     4
  178     5     5
  179     6     6
  180    11    10
  181     4     5
  182     4     5
  183    11    10
  184     3     4
  185     1     1
  186     6     5
  187     4     4
  188     7     7
  189     5     4
  190     1     1
  191    10    10
  192     1     1
  193     5     6
  194     8     8
  195     2     1
  196     5     4
  197     7     6
  198     5     6
  199     3     3
  200     1     1
  201     2     1
  202     6     7
  203     3     3
  204     7     7
  205     3     3
  206     5     5
  207     4     4
  208     4     4
  209     4     3
  210     4     5
  211     2     2
  212    11    10
  213     8     9
  214     1     1
  215     5     4
  216     9     9
  217     2     2
  218     3     4
  219     3     3
  220     5     6
  221     5     4
  222     9     9
  223     4     3
  224    10    10
  225     5     4
  226    10    10
  227     2     3
  228     8     9
  229     8     9
  230     1     1
  231     9     9
  232    11    10
  233     2     1
  234     7     6
  235     2     1
  236     7     6
  237     1     1
  238     1     1
  239     4     5
  240     4     5
  241     6     5
  242     3     3
  243     7     7
  244     4     3
  245     9     8
  246     1     1
  247    10    10
  248     8     8
  249    10    10
  250     9    10
  251     7     7
  252     3     3
  253     1     1
  254     3     2
  255     1     1
  256     2     3
  257    11    10
  258     4     4
  259     4     5
  260     3     3
  261     1     1
  262     3     3
  263     7     7
  264     6     7
  265     6     5
  266     1     2
  267     3     2
  268     2     2
  269     9     9
  270     5     5
  271    11    10
  272     8     9
  273     7     6
  274     4     3
  275     4     3
  276     4     4
  277     8     7
  278    10    10
  279     7     7
  280     9    10
  281     4     3
  282     4     4
  283     4     3
  284     2     3
  285     2     2
  286     8     7
  287     8     9
  288     7     7
  289     7     7
  290     1     1
  291     4     4
  292     3     4
  293     3     4
  294     9    10
  295     1     1
  296     6     5
  297     8     8
  298     2     2
  299     2     2
  300     3     2
  301     7     6
  302     9     9
  303     7     8
  304     1     1
  305     8     7
  306     1     2
  307     7     7
  308     9     9
  309     7     8
  310     5     5
  311     9    10
  312     3     2
  313     5     6
  314     6     6
  315     8     8
  316     3     2
  317     9     9
  318     1     1
  319     3     4
  320     4     3
  321     2     2
  322     3     3
  323     6     6
  324     5     6
  325     4     5
  326     4     5
  327    11    10
  328     8     9
  329     3     4
  330     4     5
  331     9    10
  332     5     5
  333     7     7
  334    10    10
  335     2     2
  336     5     5
  337     6     5
  338     8     7
  339     4     4
  340     7     6
  341     5     5
  342     2     2
  343     3     4
  344     2     2
  345     2     2
  346    10     9
  347    11    10
  348    10    10
  349     4     5
  350     1     1
  351     3     4
  352     8     8
  353     3     4
  354     5     4
  355    11    10
  356     6     7
  357     7     7
  358     8     9
  359     8     9
  360     8     8
  361     2     2
  362     6     7
  363     1     1
  364     7     8
  365     4     4
  366     2     1
  367     4     3
  368     5     4
  369     2     1
  370     6     5
  371     3     2
  372     8     8
  373     8     8
  374     6     6
  375     6     6
  376     2     3
  377     5     5
  378     6     6
  379     8     8
  380     6     7
  381     6     7
  382     4     5
  383     3     4
  384     2     3
  385     2     1
  386     8     9
  387     1     1
  388     8     8
  389     7     8
  390     7     8
  391    10     9
  392     8     9
  393     4     3
  394     9    10
  395     6     6
  396     6     7
  397    11    10
  398     3     2
  399     7     8
  400     5     5
  401     9     8
  402     5     5
  403     1     2
  404     3     3
  405     5     6
  406    10    10
  407     9     8
  408    10    10
  409     8     8
  410     8     8
  411    10     9
  412     1     1
  413     2     3
  414     5     5
  415     4     5
  416     3     4
  417     1     1
  418     9     8
  419     6     6
  420     3     2
  421    10     9
  422     1     1
  423     4     3
  424     9    10
  425    10    10
  426     6     5
  427     9     8
  428     3     4
  429     7     8
  430     1     2
  431     3     3
  432     7     6
  433     9    10
  434     4     3
  435    10     9
  436    10     9
  437     8     8
  438    10    10
  439     5     6
  440     3     3
  441     7     8
  442    10    10
  443     2     2
  444     3     4
  445     6     5
  446     2     2
  447     6     7
  448     2     1
  449     6     5
  450     2     3
  451     6     7
  452     8     7
  453    10     9
  454     5     5
  455    10    10
  456     4     4
  457     6     5
  458     7     6
  459     7     7
  460     7     8
  461     9     9
  462     3     2
  463     9     9
  464     6     6
  465     1     2
  466     7     8
  467     9    10
  468     5     6
  469     3     2
  470     6     5
  471     5     6
  472     2     1
  473     6     6
  474    11    10
  475    10    10
  476     4     3
  477     1     1
  478    10    10
  479     2     3
  480     3     3
  481     6     5
  482     4     5
  483     9     9
  484     1     2
  485     5     5
  486     4     5
  487     9    10
  488     7     8
  489     8     9
  490     1     1
  491     1     1
  492     2     3
  493     8     7
  494     2     1
  495     1     1
  496     8     8
  497    10     9
  498     2     3
  499     3     2
  500     2     2
135
