500
    1    68    76
    2     3     4
    3    17    14
    4    52    51
    5    32    28
    6    61    62
    7    90    97
    8     7    16
    9    91    89
   10    25    18
   11    46    52
   12    95    87
   13    62    60
   14   108   100
   15    48    53
   16     1     1
   17   103    93
   18    36    44
   19    64    69
   20    23    26
   21    20    25
   22    37    36
   23    58    68
   24    12     7
   25    67    69
   26    61    60
   27    49    42
   28    65    68
   29    14    10
   30   106    99
   31    35    34
   32    28    24
   33    37    36
   34    34    41
   35    63    56
   36    91    81
   37    26    24
   38    97    93
   39    95    88
   40    73    67
   41    53    43
   42    44    50
   43    90    94
   44    62    70
   45    17    23
   46    88    95
   47     9    14
   48    29    38
   49    87    95
   50    58    48
   51    51    47
   52    49    48
   53    50    57
   54    11    12
   55    61    65
   56    31    28
   57    43    33
   58    59    59
   59    85    76
   60    37    42
   61    71    81
   62    97    91
   63    49    56
   64    73    71
   65    76    80
   66    66    56
   67    76    77
   68    48    43
   69    32    36
   70    79    74
   71     1     6
   72    23    22
   73     1     2
   74    39    47
   75    74    64
   76    70    61
   77    70    79
   78     3     7
   79    50    53
   80    27    27
   81    11    14
   82    60    54
   83    44    39
   84    96    90
   85    60    50
   86    81    82
   87    58    52
   88    92   100
   89    25    22
   90    43    47
   91    54    57
   92    80    89
   93    76    73
   94    82    88
   95    97    96
   96    69    61
   97    78    69
   98    84    81
   99    47    44
  100    30    32
  101    66    61
  102    73    76
  103    83    86
  104   103   100
  105   101    97
  106    63    70
  107    13    11
  108     1     3
  109    89    87
  110    46    37
  111    82    83
  112    56    59
  113    99    93
  114     9    13
  115    63    73
  116    94    99
  117     5    15
  118    99    89
  119    91    97
  120    11    13
  121   100    92
  122    78    77
  123    57    48
  124     5     7
  125    46    53
  126    60    67
  127    50    40
  128    82    88
  129    73    71
  130     5    11
  131    49    46
  132    49    57
  133    24    19
  134    67    60
  135     7     5
  136    48    58
  137    47    45
  138    67    71
  139    70    70
  140     8    12
  141     7     7
  142    81    81
  143     4    11
  144    12    11
  145    27    37
  146    21    18
  147   105    98
  148    14    15
  149    92    85
  150    62    70
  151    47    49
  152    54    49
  153    58    62
  154    90   100
  155     1     2
  156    96    88
  157    43    42
  158    70    71
  159    92    98
  160     1     5
  161    23    17
  162    83    75
  163    97    94
  164    63    62
  165     8    17
  166    39    34
  167   108    99
  168    85    76
  169    93    90
  170    85    81
  171    52    51
  172    99    90
  173     6     5
  174     7     2
  175    37    39
  176    20    11
  177     5    14
  178     5     5
  179    35    26
  180    64    60
  181    28    35
  182    35    45
  183   104   100
  184    63    64
  185     3     1
  186    92    85
  187    28    34
  188    71    77
  189    39    44
  190    46    41
  191    41    50
  192    71    71
  193    35    36
  194     1     8
  195    45    41
  196    41    34
  197    26    16
  198    54    46
  199    63    63
  200    26    21
  201    41    31
  202    99    97
  203    66    63
  204    76    67
  205    12     3
  206    39    45
  207    10     4
  208    54    54
  209    58    63
  210    41    45
  211    38    32
  212    47    40
  213   101    99
  214    32    41
  215    95    94
  216    79    79
  217    63    72
  218    74    84
  219    10    13
  220    48    46
  221   101    94
  222    95    89
  223    11    13
  224    43    40
  225    54    44
  226    34    40
  227     1     3
  228    54    49
  229    21    19
  230    30    31
  231    95    89
  232    14    10
  233     8     1
  234    96    86
  235    68    61
  236    51    56
  237    70    61
  238    31    41
  239    58    65
  240    53    45
  241     3     5
  242    26    23
  243    48    57
  244    64    63
  245    16    18
  246    10    11
  247     1    10
  248    18    18
  249    31    40
  250    22    20
  251    76    67
  252    66    63
  253    54    61
  254    40    42
  255    48    51
  256    92    93
  257    87    80
  258    41    44
  259    20    15
  260    67    73
  261    20    11
  262    10    13
  263    96    87
  264    40    47
  265    90    95
  266     7     2
  267     3     2
  268    18    12
  269     3     9
  270    69    75
  271    98   100
  272    81    79
  273    46    36
  274    24    23
  275    34    33
  276    74    74
  277    91    87
  278    39    30
  279     8    17
  280    73    80
  281    57    53
  282    43    34
  283    78    83
  284    11     3
  285    12    12
  286   104    97
  287    52    59
  288    51    57
  289    31    37
  290    17    11
  291    68    74
  292    72    64
  293    20    24
  294    38    30
  295    41    51
  296    53    55
  297    44    38
  298    53    62
  299    19    22
  300    16    12
  301   103    96
  302    39    39
  303    80    78
  304    21    21
  305     8     7
  306    11    12
  307    24    27
  308    92    89
  309    24    28
  310   104    95
  311    15    10
  312    72    62
  313    62    66
  314    46    46
  315    95    98
  316    37    42
  317    55    49
  318    50    41
  319    76    74
  320    88    93
  321    13    22
  322     9     3
  323    56    56
  324    45    46
  325    35    45
  326    14    15
  327    57    50
  328   101    99
  329   102    94
  330    50    45
  331    90   100
  332    86    95
  333    48    57
  334    66    60
  335    85    82
  336    24    15
  337    99    95
  338    17     7
  339    27    24
  340    48    56
  341    42    45
  342    51    42
  343    99    94
  344    86    92
  345    86    92
  346    71    79
  347    81    80
  348    90    90
  349    78    85
  350    24    31
  351    66    64
  352    11     8
  353     1     4
  354    59    64
  355    92   100
  356    47    57
  357    76    67
  358   107    99
  359    75    79
  360    32    38
  361    36    42
  362    30    37
  363    87    81
  364    51    58
  365    77    74
  366    23    31
  367    63    53
  368    62    64
  369    12    11
  370    42    35
  371    44    52
  372    27    18
  373    48    48
  374    69    66
  375    53    56
  376    35    33
  377     9    15
  378    92    86
  379    34    28
  380    13    17
  381    35    27
  382    43    35
  383    63    64
  384    53    63
  385     9    11
  386    58    59
  387    60    51
  388    69    78
  389    14    18
  390    16     8
  391    23    19
  392    59    69
  393    21    23
  394    55    50
  395    87    96
  396    73    77
  397    81    80
  398    70    72
  399    28    38
  400    45    45
  401    92    88
  402    19    25
  403    47    42
  404    49    43
  405    71    66
  406    20    20
  407    19    18
  408    50    50
  409    49    58
  410    61    58
  411    46    39
  412    87    91
  413     3    13
  414    88    85
  415    51    55
  416    56    54
  417    82    91
  418    95    88
  419    53    56
  420    22    12
  421    30    29
  422    84    91
  423    17    13
  424    53    60
  425    40    40
  426    15     5
  427    73    78
  428    32    24
  429    34    38
  430    30    22
  431    63    63
  432    50    46
  433    72    70
  434    85    93
  435    86    79
  436    70    69
  437    92    98
  438    63    60
  439    19    26
  440    26    23
  441    14    18
  442    89    80
  443    26    32
  444    59    54
  445    13    15
  446    43    52
  447    65    57
  448     1     1
  449    39    35
  450    62    63
  451    45    37
  452    95    97
  453    41    49
  454    52    55
  455    44    50
  456    11    14
  457    70    75
  458    58    66
  459    50    47
  460     8    18
  461    75    69
  462    43    42
  463    49    49
  464     3     6
  465    74    72
  466    60    58
  467    23    30
  468     1     6
  469     1     2
  470    66    65
  471    38    36
  472    98    91
  473    66    66
  474    95   100
  475    37    40
  476    27    23
  477    77    71
  478    11    20
  479    89    93
  480     1     3
  481    67    75
  482   103    95
  483    28    19
  484    41    42
  485    82    85
  486     7     5
  487    69    70
  488    87    88
  489     1     9
  490     1     1
  491    87    91
  492    68    63
  493    15    17
  494     3    11
  495     5    11
  496    35    38
  497    97    99
  498    61    53
  499    67    72
  500    11     2
1267
