50
    1    17    22
    2    13    14
    3    46    36
    4    81    81
    5    50    54
    6    87    96
    7    10    11
    8    33    34
    9    15    11
   10    46    44
   11    31    26
   12    59    69
   13    44    46
   14    90    98
   15    38    47
   16    33    31
   17    92    95
   18     8     2
   19    55    55
   20    80    88
   21    49    59
   22    25    30
   23    44    54
   24     1     1
   25    35    35
   26    64    74
   27    23    32
   28    55    62
   29    77    68
   30    33    25
   31    63    60
   32   100    98
   33    90    82
   34    18    23
   35    33    30
   36    59    51
   37    65    62
   38    45    51
   39    30    26
   40    93    97
   41     5     1
   42    98    92
   43    18    20
   44    68    76
   45    73    73
   46    13    17
   47    31    36
   48     2    12
   49    23    17
   50    66    62
101
