50
    1   560   475
    2   492   583
    3   193   101
    4   407   366
    5   260   215
    6   898   829
    7   939   904
    8   562   599
    9   163   200
   10   613   581
   11   350   415
   12   979   902
   13    13    79
   14   790   823
   15   248   224
   16   253   240
   17   439   344
   18   380   299
   19     1    12
   20   119    81
   21  1041   992
   22   587   683
   23   954   887
   24   591   578
   25   427   352
   26   913   867
   27   678   661
   28   544   515
   29   180   113
   30   186   138
   31  1053   997
   32   936   911
   33   379   359
   34   151    56
   35   784   743
   36   450   516
   37   469   519
   38     1    72
   39   338   407
   40   465   482
   41   353   322
   42   652   645
   43   351   257
   44   328   249
   45    60    98
   46   124   206
   47   426   525
   48   260   325
   49   704   706
   50   765   755
1001
