50
    1    76    69
    2    90    93
    3    74    71
    4    87    96
    5    33    41
    6    70    63
    7    20    18
    8    21    17
    9    74    70
   10    16     7
   11    37    37
   12    84    84
   13     9    13
   14    80    73
   15    79    70
   16    73    70
   17    99    98
   18    50    57
   19    91    98
   20    95    95
   21    23    26
   22    22    29
   23    83    73
   24    79    72
   25    68    66
   26    75    81
   27     5     3
   28    53    61
   29    25    23
   30    10    12
   31    29    23
   32    35    33
   33    57    57
   34    35    38
   35    18    17
   36    93    86
   37    48    57
   38    40    30
   39    36    45
   40     3    12
   41    27    28
   42    29    39
   43    33    35
   44     1     3
   45   100    96
   46    36    28
   47    41    47
   48    97    99
   49    19    28
   50    18    17
101
