50
    1   183   122
    2   482   414
    3     1    36
    4   133   181
    5   937   854
    6   235   196
    7   832   911
    8   718   734
    9   190   111
   10    79    44
   11   731   726
   12   746   669
   13   435   446
   14   608   598
   15   551   647
   16     1    31
   17   402   495
   18   745   802
   19   448   355
   20   635   688
   21   895   959
   22   979   930
   23   265   254
   24   416   401
   25   428   335
   26   294   274
   27   332   332
   28   922   962
   29   947   968
   30   836   825
   31   591   660
   32   782   798
   33   554   582
   34   412   423
   35   896   830
   36   331   251
   37   629   662
   38  1020   951
   39   808   726
   40   986   897
   41   169   201
   42   976   892
   43   240   320
   44   950   976
   45   709   673
   46   501   517
   47   637   636
   48   417   412
   49   181   217
   50   214   162
1001
