50
    1    90    82
    2    43    42
    3    40    44
    4    23    21
    5    64    54
    6    37    28
    7    91    83
    8   100    98
    9    19    19
   10   102    92
   11    34    30
   12    10     5
   13    34    26
   14    51    50
   15     8     7
   16    71    71
   17    41    39
   18    87    86
   19    92    83
   20    14    12
   21    93    91
   22    47    42
   23    72    82
   24     9    13
   25     1     3
   26    89    98
   27   104   100
   28    21    22
   29    49    52
   30    77    73
   31    55    56
   32     8     2
   33    32    38
   34    50    59
   35    74    82
   36    21    11
   37    37    34
   38    28    35
   39   108    98
   40    84    89
   41    82    85
   42    61    56
   43    12    16
   44     8    16
   45    34    25
   46    82    73
   47    87    92
   48    58    64
   49    22    21
   50    81    86
180
