50
    1    82    89
    2     4     1
    3    33    39
    4    67    76
    5    42    41
    6    28    27
    7    61    62
    8   107    97
    9    36    38
   10    59    51
   11    43    45
   12     1     8
   13    14    21
   14    79    77
   15    96    90
   16    51    54
   17    78    86
   18    21    21
   19    63    54
   20    90    91
   21    90    90
   22    41    49
   23    68    77
   24    42    48
   25     1     6
   26    75    77
   27    48    39
   28    33    29
   29    38    39
   30    50    60
   31    61    67
   32   103    93
   33    12    17
   34    18    10
   35    21    21
   36     1     6
   37     1     1
   38   108    98
   39    46    41
   40    52    44
   41    56    48
   42    76    67
   43    17    23
   44    73    83
   45    53    52
   46    86    92
   47     3     7
   48    11     3
   49    90    88
   50    19    17
245
