500
    1    76    69
    2    90    93
    3    74    71
    4    87    96
    5    33    41
    6    70    63
    7    20    18
    8    21    17
    9    74    70
   10    16     7
   11    37    37
   12    84    84
   13     9    13
   14    80    73
   15    79    70
   16    73    70
   17    99    98
   18    50    57
   19    91    98
   20    95    95
   21    23    26
   22    22    29
   23    83    73
   24    79    72
   25    68    66
   26    75    81
   27     5     3
   28    53    61
   29    25    23
   30    10    12
   31    29    23
   32    35    33
   33    57    57
   34    35    38
   35    18    17
   36    93    86
   37    48    57
   38    40    30
   39    36    45
   40     3    12
   41    27    28
   42    29    39
   43    33    35
   44     1     3
   45   100    96
   46    36    28
   47    41    47
   48    97    99
   49    19    28
   50    18    17
   51    75    72
   52    12    13
   53    91    90
   54    11    21
   55    77    82
   56    44    53
   57    79    86
   58    27    24
   59    92    93
   60    11    19
   61    46    54
   62    41    32
   63    46    53
   64    79    72
   65    88    93
   66    36    41
   67     1     6
   68    47    44
   69    83    89
   70    80    79
   71    52    47
   72    44    51
   73    34    35
   74    98    88
   75    17    25
   76    15    22
   77    69    64
   78    38    40
   79    60    62
   80    64    68
   81    34    27
   82    89    83
   83    57    52
   84    77    79
   85    70    79
   86    36    43
   87    94    85
   88    52    49
   89    69    71
   90    98    96
   91    75    82
   92    43    46
   93    76    82
   94    18    21
   95    24    29
   96    71    78
   97    85    86
   98    64    58
   99    47    37
  100    73    73
  101    42    42
  102    17    17
  103    56    51
  104    19    25
  105    92    94
  106    13    15
  107    13     8
  108    59    68
  109    59    60
  110    75    82
  111    51    48
  112    19    12
  113    39    34
  114    78    86
  115    97    94
  116    52    48
  117    20    20
  118    24    30
  119    93    94
  120    21    22
  121     1     1
  122     5     2
  123    86    89
  124    68    72
  125    56    54
  126    61    68
  127    59    61
  128    84    89
  129    62    52
  130    63    64
  131    21    27
  132   100    94
  133    96   100
  134    91    97
  135    22    22
  136    20    11
  137    48    42
  138    30    28
  139    15    23
  140    31    37
  141    35    36
  142     8     6
  143    22    24
  144    10     4
  145     1     2
  146    93    95
  147    75    79
  148    68    68
  149    64    54
  150     6     7
  151     9     2
  152    80    74
  153    71    67
  154   106    97
  155     9    19
  156    77    73
  157    27    27
  158    80    84
  159    19    23
  160    55    54
  161    16    22
  162     2    12
  163    65    67
  164     5     3
  165    85    78
  166    14    15
  167   103    96
  168    65    61
  169    94    99
  170     8     6
  171    93    92
  172    59    67
  173    31    38
  174   104    95
  175    19    16
  176    29    20
  177     1     3
  178    62    70
  179    42    51
  180    19    21
  181    62    68
  182    78    86
  183    89    89
  184    40    33
  185    71    66
  186    99    98
  187    89    95
  188    36    30
  189    57    49
  190    22    22
  191    24    15
  192    77    76
  193    32    25
  194    25    17
  195    29    38
  196   105    99
  197     1     1
  198     7    11
  199    47    56
  200    17    14
  201    47    40
  202    44    50
  203    21    20
  204    11    20
  205    34    28
  206    12    10
  207    19    25
  208    44    51
  209    65    68
  210     1    10
  211    67    61
  212    75    69
  213    48    56
  214    84    78
  215    56    47
  216    88    88
  217    81    81
  218    69    61
  219    99    94
  220    38    43
  221    36    35
  222    65    58
  223    28    18
  224    16     9
  225    11    21
  226    27    37
  227    87    92
  228    59    66
  229    79    84
  230     1     8
  231    44    38
  232    65    55
  233    18    18
  234    71    79
  235    32    26
  236    87    93
  237    89    98
  238    99    90
  239    33    26
  240    36    42
  241    28    22
  242    86    80
  243    86    82
  244    85    80
  245    75    75
  246    41    32
  247    43    47
  248    34    35
  249     2     5
  250    68    61
  251    99    92
  252    58    68
  253    42    42
  254    78    83
  255    73    64
  256    70    78
  257    46    53
  258    12    21
  259    82    88
  260    26    30
  261    63    72
  262    73    66
  263    36    44
  264    50    60
  265    66    56
  266    39    47
  267     5    15
  268    33    25
  269    32    22
  270    36    40
  271    67    69
  272    86    92
  273    56    57
  274    48    40
  275    74    78
  276     1     7
  277    78    76
  278     3     7
  279    43    46
  280    84    93
  281    45    54
  282    91    91
  283    39    36
  284    51    60
  285    72    73
  286    72    62
  287    24    20
  288     4     2
  289     1    10
  290    23    32
  291    49    55
  292     1     1
  293    54    57
  294    75    67
  295     3     8
  296    34    24
  297   106    99
  298    78    75
  299    32    31
  300    34    25
  301    84    77
  302    12    12
  303    80    87
  304    48    54
  305    33    24
  306    78    81
  307    33    40
  308    77    74
  309    45    45
  310    49    44
  311    34    35
  312    89    79
  313    19    11
  314    79    75
  315    73    67
  316    86    79
  317    15    14
  318    91    94
  319    86    87
  320    94    94
  321   101    99
  322    26    16
  323     4     1
  324    10    19
  325    91    90
  326    26    32
  327    57    47
  328    88    80
  329    79    87
  330    95    94
  331    62    57
  332    17    16
  333    82    90
  334    54    53
  335    93    83
  336    69    72
  337   100   100
  338    50    48
  339    97    89
  340    42    37
  341   101    98
  342    19    15
  343    60    63
  344    41    45
  345    20    13
  346    30    32
  347    64    57
  348    67    71
  349    68    70
  350   105   100
  351     1     1
  352    11     1
  353    30    37
  354    84    89
  355    47    45
  356    69    74
  357    62    72
  358    29    32
  359    38    44
  360    50    59
  361    20    23
  362    92    90
  363    35    42
  364    28    27
  365    69    79
  366    23    16
  367    66    66
  368    84    93
  369    84    92
  370    41    48
  371    90    81
  372    99    95
  373    45    53
  374    46    55
  375    50    57
  376    77    74
  377    66    68
  378    29    23
  379     8     9
  380    40    34
  381    77    80
  382    18    12
  383    72    65
  384    28    32
  385    13     4
  386    86    96
  387    12     8
  388    14     7
  389    43    47
  390    29    29
  391    24    28
  392    25    26
  393    62    72
  394    89    79
  395    20    29
  396    21    18
  397    12     9
  398    31    37
  399   108    99
  400    97    90
  401    24    33
  402    35    34
  403    32    31
  404    83    76
  405    46    55
  406    57    57
  407    23    31
  408    95    99
  409    15    19
  410    49    39
  411    70    80
  412    17    24
  413    78    70
  414    26    30
  415    36    28
  416    85    79
  417    39    40
  418     7    13
  419    24    21
  420    35    33
  421    63    54
  422    67    68
  423    69    78
  424    32    25
  425     1     9
  426    72    82
  427    40    47
  428    49    45
  429    93    83
  430    14    19
  431    20    24
  432    93    99
  433    74    67
  434    54    50
  435   103    96
  436    25    30
  437    69    59
  438    65    69
  439    85    75
  440    30    20
  441   100    91
  442    70    65
  443    91    89
  444    60    63
  445    58    48
  446    93    85
  447    20    26
  448    55    58
  449    36    44
  450    31    28
  451    88    86
  452    43    42
  453    60    54
  454    49    40
  455    75    79
  456    18    27
  457    92    88
  458    65    67
  459    71    76
  460     3     7
  461    51    58
  462    79    87
  463    30    30
  464     1     3
  465    52    57
  466    39    43
  467    69    79
  468    15    19
  469    91    91
  470    49    54
  471    83    89
  472    52    52
  473    25    27
  474    55    53
  475    19    29
  476    53    52
  477    98    88
  478    36    29
  479     7     2
  480    21    12
  481    96    88
  482    81    80
  483     5     4
  484     1     7
  485    13    14
  486    39    42
  487    61    63
  488    17     9
  489    20    22
  490    48    54
  491     3     8
  492    50    44
  493    19    14
  494    91    88
  495     1     4
  496    69    59
  497    47    56
  498    64    70
  499    79    85
  500    45    51
510
