50
    1    28    29
    2    74    73
    3    89    79
    4    27    36
    5    47    41
    6    99    95
    7    80    90
    8    88    81
    9    30    30
   10    53    55
   11    40    41
   12    68    72
   13    99    93
   14    18    25
   15    28    30
   16    63    62
   17    48    42
   18    96    89
   19    28    26
   20    29    19
   21    67    58
   22    92    89
   23     1     1
   24    46    36
   25    82    86
   26    50    53
   27    67    71
   28    67    69
   29    45    55
   30     6    12
   31    71    71
   32    95    89
   33    70    61
   34    65    74
   35    59    69
   36    55    46
   37    20    29
   38    23    14
   39    66    69
   40     1     4
   41    58    64
   42    13     3
   43    75    79
   44    35    43
   45    92   100
   46    84    84
   47     1     3
   48    55    51
   49    39    32
   50    85    93
162
