500
    1     7     6
    2     4     4
    3     7     6
    4     2     1
    5     7     8
    6     9    10
    7     4     5
    8    10    10
    9     1     1
   10    10    10
   11    11    10
   12     1     1
   13     2     2
   14     7     8
   15     2     3
   16    10     9
   17     8     9
   18     1     2
   19     2     1
   20     2     2
   21     4     3
   22     6     6
   23    10    10
   24     3     3
   25    10     9
   26     6     6
   27     2     2
   28     8     8
   29     5     6
   30     1     1
   31     9     8
   32    10    10
   33    10    10
   34     3     3
   35     4     4
   36     1     1
   37     1     2
   38     9     9
   39     3     4
   40     8     7
   41     6     7
   42     6     6
   43     9     8
   44     3     2
   45     1     1
   46    10     9
   47     9     8
   48     5     6
   49     9     9
   50     4     4
   51     8     7
   52     4     4
   53     7     7
   54     2     2
   55     7     7
   56     2     2
   57     3     3
   58     5     5
   59     6     6
   60     5     4
   61     2     3
   62     3     3
   63     4     4
   64     8     7
   65     7     8
   66     1     2
   67     8     7
   68     6     7
   69     5     6
   70    10    10
   71     3     2
   72     5     4
   73     8     8
   74     2     1
   75     7     6
   76     4     5
   77     4     3
   78     9     9
   79     9     9
   80     1     1
   81     6     6
   82     4     4
   83     9     9
   84     7     8
   85     9     8
   86     7     6
   87     2     2
   88    11    10
   89     7     6
   90     6     5
   91     8     7
   92     2     3
   93     6     5
   94    11    10
   95     8     8
   96     3     3
   97     5     5
   98     4     3
   99     5     6
  100     5     6
  101     4     5
  102     8     8
  103     1     2
  104     3     2
  105     5     5
  106     4     4
  107     7     7
  108    10     9
  109     2     3
  110    10     9
  111     1     1
  112     4     5
  113     4     3
  114     9     9
  115     9     9
  116     2     1
  117     1     1
  118     8     7
  119     9     9
  120    10     9
  121     2     2
  122     8     7
  123     7     6
  124     6     7
  125     4     3
  126     8     9
  127     8     8
  128     5     6
  129    10     9
  130     1     1
  131    11    10
  132     2     1
  133     8     9
  134    10    10
  135     4     5
  136     3     2
  137     7     7
  138     4     5
  139     1     2
  140     3     4
  141     1     1
  142     8     7
  143     4     5
  144     9     9
  145     1     1
  146     3     4
  147     7     8
  148     2     3
  149     3     3
  150     5     6
  151     1     1
  152     4     3
  153     9    10
  154     8     8
  155     6     6
  156     5     4
  157    11    10
  158     6     5
  159     8     8
  160     6     7
  161     8     9
  162    10     9
  163     7     8
  164     3     2
  165     2     1
  166    10    10
  167     5     5
  168     5     4
  169     6     6
  170     4     5
  171     9     9
  172     9     8
  173     3     3
  174     9     8
  175     8     7
  176     1     1
  177     6     6
  178     1     1
  179     4     4
  180     8     8
  181    10     9
  182     3     3
  183     3     4
  184    10    10
  185     5     5
  186     4     3
  187     7     6
  188     8     7
  189     9    10
  190     1     1
  191     3     2
  192     4     5
  193     5     6
  194     7     8
  195     1     1
  196    10    10
  197     3     4
  198     4     4
  199     6     7
  200     5     5
  201     1     1
  202     2     1
  203     2     3
  204     1     1
  205     5     5
  206     7     7
  207     9     8
  208     6     6
  209     1     1
  210     3     3
  211     3     2
  212     5     4
  213    10     9
  214     5     5
  215     2     2
  216     7     7
  217     9     8
  218     9     8
  219     2     3
  220     2     2
  221     6     6
  222     7     7
  223     9     9
  224    11    10
  225     9    10
  226     6     6
  227     4     5
  228     2     3
  229     4     5
  230     9     9
  231     6     7
  232     4     4
  233     7     7
  234     7     6
  235     8     9
  236     7     6
  237     9     9
  238     2     3
  239     6     7
  240    10     9
  241     9     9
  242     9     9
  243     7     7
  244     7     7
  245     5     6
  246     4     5
  247     2     2
  248     5     4
  249     5     6
  250     3     2
  251     2     3
  252     3     3
  253     1     1
  254     4     4
  255     4     5
  256    10     9
  257    11    10
  258     2     2
  259     3     3
  260     4     5
  261     2     1
  262     7     7
  263     8     9
  264     4     5
  265     5     5
  266     8     8
  267     7     6
  268     7     8
  269     1     1
  270     9     9
  271     8     8
  272    10     9
  273    11    10
  274     1     1
  275    10     9
  276     4     4
  277     3     3
  278     3     4
  279     3     3
  280     5     6
  281     4     3
  282     4     4
  283     1     1
  284     2     3
  285     6     6
  286     7     7
  287     5     5
  288     1     1
  289     8     7
  290    10     9
  291     6     6
  292     5     4
  293    11    10
  294     2     2
  295     8     7
  296     4     3
  297     7     6
  298     4     4
  299    11    10
  300    10    10
  301     2     2
  302     8     7
  303     5     4
  304     9     9
  305     1     1
  306    11    10
  307     1     1
  308     4     5
  309     8     8
  310     3     3
  311     3     4
  312     7     6
  313    10    10
  314    10    10
  315     1     2
  316    10    10
  317     6     7
  318     7     7
  319    10    10
  320     8     9
  321     7     8
  322     1     1
  323     5     6
  324     9     8
  325     1     1
  326     4     5
  327     9    10
  328     2     3
  329     2     2
  330     3     3
  331     7     6
  332     4     5
  333     1     1
  334     6     6
  335    10    10
  336     2     3
  337     1     1
  338    10     9
  339     9     8
  340     5     6
  341     6     5
  342     6     6
  343     7     6
  344    11    10
  345     4     4
  346     7     7
  347     1     2
  348     7     6
  349     9     9
  350     9     9
  351     9    10
  352     2     2
  353     9    10
  354     1     2
  355     6     6
  356     4     5
  357     1     1
  358     8     9
  359     1     1
  360     5     4
  361    10    10
  362     1     1
  363     1     1
  364     5     6
  365     1     2
  366     4     3
  367     4     3
  368    11    10
  369     2     3
  370     1     1
  371     9     8
  372     9    10
  373     2     2
  374     2     2
  375     7     6
  376     3     3
  377     6     5
  378     7     6
  379     9    10
  380     6     7
  381     6     5
  382     5     5
  383     9    10
  384     8     9
  385     8     7
  386     4     5
  387     1     1
  388     8     8
  389    10    10
  390     9     8
  391     6     7
  392     4     5
  393     1     1
  394     5     6
  395     1     2
  396     6     7
  397     5     4
  398     4     4
  399     1     2
  400     2     3
  401     3     4
  402     3     3
  403    11    10
  404     9     9
  405     6     6
  406    10    10
  407     3     2
  408     9    10
  409     1     2
  410     3     2
  411     8     9
  412    10     9
  413     3     3
  414     4     5
  415     1     1
  416     7     8
  417     8     7
  418     5     6
  419     1     2
  420     9    10
  421     6     5
  422     8     7
  423     4     3
  424     7     8
  425     3     4
  426     2     1
  427     2     2
  428     3     4
  429     1     2
  430     6     6
  431     4     3
  432     4     4
  433     3     2
  434     6     7
  435     4     5
  436    10     9
  437     7     6
  438     7     6
  439     2     2
  440     4     3
  441     6     6
  442     5     6
  443     2     2
  444     9    10
  445     2     3
  446     2     2
  447     3     3
  448     1     1
  449     2     3
  450     5     5
  451    10     9
  452     9     9
  453     6     5
  454     6     7
  455     1     2
  456     1     2
  457     1     1
  458     1     2
  459    10     9
  460     1     2
  461     1     1
  462    10    10
  463     6     5
  464    11    10
  465     9     8
  466     4     4
  467     7     8
  468     2     2
  469    10    10
  470     9     9
  471     7     6
  472     1     1
  473     3     2
  474     3     4
  475     5     4
  476     8     9
  477     8     9
  478     1     2
  479     9     9
  480     5     5
  481    10     9
  482     6     7
  483     4     3
  484     6     6
  485     2     3
  486     4     5
  487     8     8
  488     7     6
  489     1     1
  490     6     7
  491     1     1
  492     1     1
  493     4     5
  494     7     7
  495     4     5
  496     9     8
  497     5     5
  498     5     5
  499    10    10
  500     9     8
27
