7
80	42	-54	-74	62	-98	74	32	-91	-70	57	85	56	81	-85	-45	-58	-33	-96	-20	59	44	-22	-51	62	30	75	10	-62	-2	-28	-18	40	-98	11	-98	-90	-8	70	-78	-84	4	-27	-42	62	42	-45	77	-15	73	99	53	65	53	-24	19	92	-20	94	-14	-12	47	20	94	57	-66	-94	49	-33	-46	38	71	93	3	58	-95	77	79	24	36	96	-89	-27	-49	92	74	65	-14	89	49	-38	18	91	16	-75	96	11	-62	75	-55	11	-3	75	-38	38	-63	35	95	31	-42	19	29	28	-73	-55	-28	10	94	-52	-53	-23	-70	50	85	-80	91	-23	34	
-12	11	88	-85	22	-35	-15	-16	-57	48	-3	40	66	87	51	44	-81	-34	47	-72	-2	96	48	7	-51	64	-42	-42	87	1	3	-6	5	10	12	27	43	84	-88	-49	0	-47	70	54	71	0	56	-14	52	-19	-8	79	-21	-94	8	-54	9	2	-94	40	15	43	-52	-85	-35	68	-50	-98	-16	-38	-88	36	-97	32	-46	61	-65	84	-66	21	-74	48	-94	-1	39	38	-83	-80	-12	-23	-36	-71	93	71	77	-65	87	29	-60	43	69	-82	-55	84	26	-29	-48	16	-7	4	33	-89	-35	53	0	98	-77	-25	94	-51	-72	-34	32	13	-91	-28	91	-96	
87	25	97	-60	7	10	98	25	-45	91	15	-20	79	-34	-22	-49	-31	-1	-2	6	-99	-63	-81	-69	-52	55	69	-77	80	71	-93	-65	-98	-56	-80	-62	34	78	17	-93	-59	41	80	-81	-82	-15	-24	4	99	27	79	-59	66	-81	36	-6	27	29	-70	20	15	81	16	66	-50	-46	-35	-44	95	-90	-52	-80	47	-39	23	-23	-95	30	-41	-30	-94	-74	-34	-36	-47	-14	-26	84	59	-43	-35	-21	22	-45	51	-60	-3	-80	-8	72	-46	-11	84	49	23	-77	-11	-40	1	2	-64	3	52	-9	51	67	71	73	-26	2	-19	59	30	-17	88	-37	-85	24	
75	-49	-19	-27	-99	-50	-26	-79	32	29	-42	47	-21	-35	28	95	-97	-81	-64	-58	-12	-42	13	88	12	12	67	-38	47	46	37	-30	89	-50	-23	70	-69	-26	-37	-31	-84	9	55	44	-24	30	36	95	76	-83	58	35	17	61	-80	-9	-88	-19	17	99	6	-3	-94	71	96	-71	-60	-33	-72	-89	-90	68	68	75	-3	78	7	-55	-84	-25	-85	-38	58	-80	21	86	-19	94	46	76	-99	10	40	-13	-47	8	-38	-35	21	-31	36	57	-76	-46	-25	23	28	-84	2	96	-87	34	2	25	-36	-69	30	-83	83	-80	55	-85	88	-4	18	91	-57	-34	
-99	-39	20	-64	-40	8	-29	35	43	21	42	77	30	-18	99	-4	65	38	56	-88	-3	-23	89	-21	-32	-68	72	-87	-66	94	-59	-20	-94	-9	65	-99	-98	5	-81	71	21	40	89	99	-33	-77	96	-68	-7	41	-79	93	-62	-16	-77	-61	31	-47	-81	-80	44	11	54	31	-9	86	-64	70	30	27	-79	-61	-94	35	7	93	-72	-44	-36	39	0	38	10	-96	52	4	15	45	-26	36	-47	36	86	-49	9	72	-19	78	-75	21	49	62	-43	26	92	-54	-97	63	23	-10	-2	94	-96	-2	51	-51	-53	-69	-74	-17	11	-58	-13	95	35	21	39	-62	
-92	8	91	-95	25	44	13	-18	-84	-36	2	87	-89	-78	-76	-64	-8	-63	-36	0	27	-65	58	68	-63	-45	-88	55	-92	-5	-78	40	46	-43	66	48	40	86	-48	46	11	81	27	28	75	92	-7	-44	40	-88	-83	51	1	26	-44	65	-67	-58	-87	-66	-23	20	-42	-89	56	40	-66	66	81	69	-69	84	-84	-83	32	-86	-11	-91	-23	40	9	22	-25	-47	-33	36	-54	-44	67	62	81	-7	-7	-50	78	-65	24	67	-28	11	34	-68	-72	31	44	38	-46	-69	-96	40	-15	15	-45	44	1	39	7	28	24	-70	-56	45	-6	61	38	30	59	48	
-83	-78	0	24	-29	86	-15	73	-68	26	36	82	-93	-32	61	-57	-25	81	57	-32	-61	-43	-78	47	-86	74	-65	-50	-20	63	-15	29	-8	-18	19	-56	-73	-56	-68	51	82	30	-85	10	66	-90	45	-27	34	24	0	-86	-32	78	50	-8	-10	36	-22	-52	-71	-74	65	22	-51	5	79	77	37	-64	-40	-76	-14	-97	58	29	95	98	-9	-12	67	-15	64	-9	-52	94	-98	95	35	53	-94	-27	38	3	97	-63	-37	14	-75	-55	2	-73	-24	17	13	-4	5	98	8	-94	68	74	40	59	-17	95	-68	-71	89	-3	12	10	-43	13	61	-61	-69	39	
-29	-24	-17	65	-40	29	-77	84	-43	-7	-7	-90	31	-2	-91	-61	-92	66	10	-46	20	84	-11	87	-14	45	18	42	-91	-2	38	55	5	92	5	70	-18	-22	26	-41	-7	14	-26	27	4	51	-96	-26	-80	21	61	-10	-49	66	46	68	-97	79	-94	-92	-87	93	54	-89	94	71	6	-39	18	-83	68	-69	-89	89	-6	82	30	-81	-51	23	-85	-52	-28	0	1	-14	91	-88	84	-64	-63	36	77	-82	91	73	-51	21	70	29	60	45	27	84	-15	-53	98	76	-62	-4	15	-83	-55	98	29	53	-23	-93	36	65	-77	81	64	-2	-67	-32	88	53	
71	-73	-82	94	28	-7	-16	15	95	20	-54	-85	-81	8	85	64	16	61	15	-4	-94	-8	-88	55	73	94	-98	5	-2	0	-79	-96	-6	47	65	-17	-67	-70	-6	95	-53	10	-74	-34	-34	15	-3	9	-22	82	-60	99	-82	-39	48	19	77	57	49	79	-30	49	-58	-94	-67	72	32	-10	-93	6	37	-47	-59	-17	-47	96	90	62	-55	-33	37	53	-77	-88	-66	16	72	69	-19	-95	82	-44	-88	-25	15	-18	-16	25	40	-20	-60	-13	-51	-67	-68	-88	-6	-78	-43	-90	67	14	85	81	5	35	-89	-49	-82	-14	-30	-4	-91	-83	38	96	-34	41	
-53	-48	27	-23	-83	60	-40	67	80	59	-58	-9	68	-54	71	26	-73	-83	58	68	-31	-59	-54	-43	-54	-62	97	60	-81	-19	65	-29	72	-90	-72	23	-86	-27	-65	79	77	-83	64	43	-62	2	12	-70	-44	-66	71	24	28	2	78	12	74	-85	-90	-40	-42	-36	-73	-90	-18	90	-50	-99	70	-23	34	-59	-82	-50	-72	-29	84	-73	71	80	-24	-31	-89	56	31	63	-66	-25	66	-72	18	-56	66	12	-97	31	-19	-99	44	71	-86	-92	56	-52	-96	-64	-26	-21	54	86	82	24	83	61	-82	-54	-18	-72	-19	0	-48	-34	36	-23	92	-45	30	27	
-96	-44	-72	-98	-48	16	-94	34	-32	21	-27	-63	57	94	-82	4	-62	9	-98	-77	-30	17	-62	72	24	-16	42	72	-92	91	92	58	48	-42	27	-45	-65	-35	66	75	52	-95	74	98	37	-46	-40	-89	71	87	-54	-61	-46	0	55	8	18	-6	-22	11	97	93	-13	78	65	-88	49	92	-45	-12	-19	59	27	33	73	-61	-6	-60	-89	-57	3	-26	-94	99	-14	43	-36	-26	-72	65	-9	68	-85	-87	-18	80	41	77	-81	-30	92	33	-80	-45	-72	1	41	-48	-53	52	-84	-96	43	65	-2	-25	-73	75	-22	-61	83	-79	-36	-2	-68	-65	-38	-82	
-87	11	-96	36	46	27	-84	67	3	-47	27	34	55	51	-13	79	-34	-94	-78	3	-46	-98	19	-1	-12	66	-49	-38	-52	1	76	-22	75	-92	99	83	78	27	-46	71	-80	2	42	-37	35	64	-72	73	7	53	-12	-56	-17	-39	16	27	53	30	-74	94	-7	72	48	-78	-62	15	68	-69	7	-54	24	25	14	76	-23	-2	80	61	-24	37	-24	-66	27	30	-48	-63	-69	-1	-95	77	48	1	58	62	7	74	-55	-27	-79	-69	-46	0	-72	-52	32	-87	-60	13	55	-54	-26	97	72	16	87	31	-70	-1	38	-10	34	2	-90	66	-43	-64	0	-55	
90	23	9	63	-91	73	-70	-51	85	51	73	25	89	39	-54	61	18	74	44	58	6	-16	67	84	-24	-32	5	67	-50	36	-4	-2	-87	53	18	-70	-95	-52	-57	19	-24	-31	-61	-77	8	69	63	-87	99	85	4	93	45	-66	34	-36	89	40	18	-63	-83	-91	55	-49	-20	-24	94	76	-67	94	-79	11	-49	20	73	-46	19	-7	-68	-32	-94	-65	78	80	-87	-98	56	87	65	25	46	99	-60	91	-14	69	-84	-1	79	-7	7	85	-67	-21	-84	-23	69	96	81	-14	-15	-61	-22	-14	-48	20	79	-71	-30	-83	-90	96	-33	44	84	15	-95	3	
-42	-23	-92	98	53	22	13	1	-63	18	-42	-64	25	-82	59	42	55	44	-61	71	11	-50	-98	83	2	-62	-67	27	9	-13	98	-74	-73	-1	-60	1	-65	99	-8	-81	87	-10	22	47	50	4	-20	3	-48	-80	29	-83	-85	14	68	7	-90	-9	7	-48	-22	-59	-34	-36	-18	42	49	94	-11	32	-55	86	58	10	-56	-27	-62	-73	48	30	-29	-18	-1	-17	-24	43	90	-77	28	17	49	67	-83	-59	1	-3	65	-13	-86	-30	80	-94	6	-22	-62	23	37	-74	83	4	74	19	-81	57	63	81	12	-18	-98	-4	-32	23	71	-94	-82	-91	10	99	
-95	-14	95	54	-75	77	-64	86	62	70	-7	39	67	98	94	24	-6	0	-37	-61	-78	-38	-72	-43	-85	-19	30	86	-42	-30	-85	77	44	-97	-35	46	0	60	12	-11	69	-94	-90	-1	-20	-72	38	53	-31	-17	12	84	-52	-42	51	14	36	-73	-45	-62	-10	76	36	32	32	-37	16	-13	21	33	61	94	60	-76	-45	-24	-77	57	29	84	42	-62	99	-79	-35	-93	11	-45	10	-30	-64	16	6	6	-14	-1	15	-14	42	87	-57	73	72	-45	44	-42	-81	53	31	26	53	1	-42	87	-13	14	-7	44	11	65	-68	68	18	-40	-33	-47	46	-7	
69	-25	-69	-57	32	11	42	-50	-89	63	92	9	70	-63	10	56	-66	65	26	-68	76	53	8	81	26	-57	0	-47	-27	90	81	20	-33	87	61	21	-34	8	-81	44	39	81	-72	14	-39	-93	3	-20	3	-99	-14	-6	-98	-95	-8	91	93	91	1	-21	-61	65	79	5	96	-51	29	-10	-76	-60	98	88	76	-61	-36	22	48	66	-76	-14	-81	-34	27	38	-3	44	-2	-96	11	60	43	48	74	23	91	-23	-55	82	55	-42	-71	63	18	4	-73	-32	51	-12	0	77	-24	-63	10	67	70	-27	-48	-67	6	52	-40	47	69	69	-46	60	99	3	
-25	79	-83	89	53	54	-32	-90	42	-68	1	33	-36	70	73	-48	95	94	38	14	-44	2	-26	53	33	-85	-63	34	-16	-86	-78	40	-14	-8	22	-47	43	-47	45	-95	-26	65	2	40	-3	13	13	11	40	-83	-94	-80	-35	-12	81	10	91	49	26	-16	68	63	-83	12	46	-37	29	-30	-97	-96	-5	-38	34	-94	-80	-42	-92	81	84	-2	40	71	8	-85	0	36	-40	-6	-65	-86	62	-46	-39	85	25	-54	30	39	82	-49	10	-92	-12	28	98	-23	-48	71	-2	62	-96	-97	45	-69	-66	-62	-4	-79	4	-45	26	-19	-95	13	-98	-28	-44	-73	
-15	70	-13	9	-91	37	-48	-2	55	-1	-11	99	-42	8	6	29	75	-54	35	-9	-4	-26	-81	-78	1	-39	-46	-25	70	-75	-66	-1	7	34	-23	73	42	31	31	-12	41	48	-93	-75	59	-44	-11	24	-57	-14	6	11	-39	-72	-56	55	87	36	29	49	18	-19	43	49	5	-85	54	61	91	68	22	96	-78	-94	48	-1	-41	-96	67	-89	64	84	72	16	-83	63	59	-18	44	-50	60	58	75	-90	56	66	6	-44	-52	46	45	-44	20	-46	-28	-8	99	-94	-78	-20	67	-59	94	-56	-64	82	-15	-17	-41	4	12	-62	-84	-90	92	0	-2	-85	
-67	42	0	-44	-55	-56	-78	-18	-77	54	88	-27	-8	-91	92	58	-75	43	29	-95	53	32	-64	74	-34	-7	-25	54	-14	-99	79	-18	62	33	0	-79	32	-37	66	-42	44	23	35	-7	-79	-60	-68	-68	-91	-25	-83	50	67	16	-3	34	59	-68	90	-96	86	-32	87	36	55	-75	17	-57	64	70	-83	-66	65	89	14	-77	-94	-6	-63	-61	-7	-8	13	13	91	-49	39	-69	-2	11	95	-17	-51	-72	70	-84	-73	-6	61	-67	-54	31	-32	-49	10	3	50	47	1	19	56	53	-51	-19	31	-69	-3	31	52	-74	42	-19	54	49	-90	79	-75	-32	
-44	-90	91	-14	11	86	-78	-29	41	-16	20	-3	-85	-13	-67	90	50	91	92	-87	55	23	37	6	-54	-27	-40	88	-17	-90	-48	-99	13	-91	-48	66	56	37	42	-24	69	74	86	39	17	39	-61	67	-81	-85	40	-33	-92	42	-17	83	-22	-48	73	-63	-68	-59	-92	-9	-36	-56	49	77	64	76	-37	20	22	19	-8	37	-36	63	-74	-55	70	38	52	-60	86	-50	-53	87	43	-74	41	-85	-11	11	-72	-95	81	13	53	2	-14	67	78	-46	-14	78	83	-37	-11	79	-66	77	-64	33	15	-8	-91	1	-83	43	20	-56	-84	50	-94	82	60	-12	
53	93	-84	3	-30	49	-56	14	-66	-85	68	2	-69	-28	-48	6	-90	-22	6	-54	34	-53	99	19	-41	-72	-44	25	10	-95	-97	12	-6	-18	-64	0	79	-40	-24	48	-68	-27	-94	-78	61	67	27	50	-17	45	92	31	-2	-54	-36	-44	74	-69	28	28	72	0	78	-37	23	-29	32	91	37	61	51	81	-29	97	-1	-98	73	-78	6	0	98	49	46	18	90	-60	-85	-71	96	-75	99	-24	-28	-76	-17	-16	62	-51	58	96	-48	95	-2	3	-39	-49	56	-63	27	-19	72	-64	4	94	-36	16	99	74	-81	52	8	-11	-78	49	-18	-2	-7	76	
-34	-26	-13	-59	-5	13	-64	-60	71	-37	-50	-7	58	62	-28	-28	12	36	-1	37	82	-98	-73	-70	33	46	-49	7	15	24	63	-57	-12	1	42	-24	-46	26	-84	-15	-60	57	68	17	38	-79	-50	-30	34	-80	-74	-56	-31	91	83	85	21	52	60	-28	67	52	-48	-32	-66	-15	20	13	-6	19	-15	-84	-51	29	-10	14	-17	94	-1	4	94	11	-42	-18	33	-41	46	37	-14	-13	76	-53	45	-15	30	-17	38	91	-57	-33	51	39	-4	-99	-46	46	91	-21	-99	87	-56	-5	85	79	59	-85	-92	-60	4	67	23	-26	65	-54	35	97	-98	90	
99	-30	-86	-73	92	27	-96	0	-59	-37	77	-40	85	8	-92	70	71	-54	69	88	64	-62	-13	83	-92	49	-11	-86	-31	31	-96	19	55	-77	-52	-37	-33	80	14	72	83	-80	-15	95	-64	-74	80	28	66	-59	23	90	-49	8	-85	-74	5	67	-25	-24	-40	50	-92	-8	-88	33	69	-24	-46	85	-68	-52	67	-99	33	34	73	46	67	28	75	-23	88	-14	84	-18	-11	-78	41	-23	4	-99	-94	-95	1	-21	-88	24	-44	-63	41	32	51	-83	-92	18	-16	-75	-16	24	-98	-97	42	-63	63	-18	60	-9	14	-56	51	3	-45	30	-53	82	52	37	
4	85	-32	-75	7	56	30	79	92	1	17	-2	-37	-73	15	37	-16	-90	78	44	2	-58	-18	-66	77	-99	50	17	-37	-29	-53	23	93	73	-30	9	23	65	61	-3	-2	-85	-7	-92	96	0	92	23	40	-8	19	-55	89	-35	-56	41	-44	63	84	-99	29	82	-74	-58	-7	-36	-88	20	17	79	-45	84	-2	-44	7	-19	94	-61	11	-34	-90	-96	-14	7	-23	-9	11	61	45	52	0	-41	24	-14	-26	-6	71	46	23	21	-44	67	75	20	-86	26	47	-33	-22	12	-48	69	-25	9	-21	48	64	72	96	12	-21	22	58	-45	7	-33	27	27	
-71	-6	-70	-62	-69	-26	-31	53	29	74	34	-23	76	50	12	12	-66	-79	72	-23	28	12	91	-64	-44	-11	57	72	-44	-93	52	-43	-24	-58	16	-90	-82	-55	-71	46	-58	-46	-97	53	-45	1	-4	-19	18	-76	11	82	-73	19	-58	-12	-80	36	-81	-70	40	-27	-67	76	27	-24	-24	84	44	-46	25	23	21	-34	-5	-84	75	-94	61	80	-76	-27	62	1	-71	-65	-59	-54	-52	39	45	-7	-87	-67	25	37	55	5	-80	28	-6	0	-34	-50	94	48	64	64	9	-52	30	91	-6	54	55	90	-81	31	48	58	-22	-34	-13	90	-81	61	83	-48	
53	-29	42	22	66	-42	-86	-9	-6	-46	-46	-47	-82	-91	-65	8	95	79	12	-12	-58	-93	-55	56	50	85	-43	-77	-45	-44	-8	81	41	44	-66	84	63	-73	-83	-83	85	-31	-53	-58	-76	61	-6	44	55	-5	97	-51	-18	30	-58	87	-83	-76	-78	39	-89	96	-94	-47	-81	76	93	91	-55	-64	-88	61	22	11	-24	60	-2	12	48	-99	63	-61	-58	19	-26	-31	40	-89	82	-67	3	-23	-87	-55	-99	70	33	23	35	-8	-31	80	-33	85	23	-26	32	-32	41	8	-93	-56	61	-21	-74	62	70	28	-65	-22	-19	66	2	23	90	-36	-13	-14	
-76	-75	66	-8	-36	43	54	41	-18	-77	-59	15	-36	85	-48	-28	88	-27	44	94	75	-34	-6	-7	-36	96	-37	44	-68	-26	-82	-93	-9	-76	-7	-39	59	16	-1	94	-60	84	6	-74	11	95	-55	67	60	23	-65	-5	-87	93	98	-30	82	-60	-96	67	-87	4	54	-60	18	85	-97	-11	-16	-77	-96	-77	23	70	75	30	-3	58	-9	23	-5	-62	3	90	-81	86	80	7	-4	26	-67	42	-94	80	-22	82	-16	33	-21	-43	96	-32	96	-31	21	31	-65	64	-78	14	-52	32	-44	44	42	-19	68	-66	95	-68	-6	9	78	-34	-70	-61	-48	-95	
-60	-9	-27	-44	-32	64	59	95	37	88	-78	-23	22	-75	-79	66	62	-45	55	90	-51	-66	-43	-75	19	47	89	50	8	37	47	-30	30	52	-68	77	52	-29	-9	-28	-23	-78	-99	27	-53	-98	-71	14	-7	90	12	94	15	-65	31	-5	69	-70	11	-79	65	-68	9	-89	1	-95	99	-83	-16	42	41	5	30	35	24	57	-96	-77	-61	-26	-46	28	63	-15	11	31	5	20	64	81	-22	30	-16	77	26	-92	-77	21	-36	25	-46	4	-97	-90	84	-55	62	-77	-45	-60	-10	96	-28	-80	58	-16	-66	59	-49	77	-25	91	70	22	-27	43	-38	-77	
62	-83	19	29	-71	0	-94	-5	62	-11	18	4	67	35	-39	72	25	-26	6	29	-47	-50	60	-14	4	-11	11	-20	66	-84	-19	-11	15	41	-96	-50	-52	-38	-60	-91	-81	-39	21	23	66	97	19	-81	-50	7	45	95	62	-66	89	-38	63	-15	-40	-75	49	-43	34	-54	99	-35	-70	-46	-15	-58	21	-79	-30	68	36	29	68	-5	50	91	-72	-98	-9	-79	56	33	-38	13	58	-92	28	31	-46	-51	-95	98	-73	-61	-92	-58	82	-29	-7	93	75	11	-59	52	-30	2	-50	44	0	-5	-2	-44	11	57	-67	-36	-88	97	-42	52	-6	-50	10	-32	
57	6	-57	96	75	-88	-55	88	-24	42	88	-92	-53	-54	-93	-26	28	62	-87	54	-63	-9	-19	66	-36	-62	-55	22	-1	-25	67	97	88	-32	69	-43	-33	-54	-2	-48	-29	-66	-69	-45	-69	-16	78	-83	76	46	6	-81	-94	-44	-8	39	59	-26	46	98	-98	-3	-80	-94	53	-6	82	-52	-75	-77	-45	-73	21	32	-75	34	96	-1	23	37	88	89	30	-3	-41	-94	96	-90	-71	-37	-56	71	-61	33	-19	-66	65	-35	0	6	-19	80	-19	-85	97	88	51	-58	-35	1	14	-67	-74	-80	-40	68	-38	27	-70	52	-91	-73	4	7	-27	-46	28	-26	
-15	-29	96	-67	-97	95	63	-39	-40	-1	-99	35	-68	-73	95	51	-57	71	-81	-39	-89	-49	-34	-10	56	-70	71	-35	-87	88	59	-50	23	-73	-11	-86	-98	-56	28	58	-30	-45	-34	46	-92	8	-78	71	-31	58	-8	-47	-84	91	71	2	78	-7	31	85	-40	-26	56	-71	93	83	-78	-59	-86	27	52	-11	-80	46	24	-86	-29	-86	13	-26	91	59	43	-35	21	39	-96	7	73	92	37	-65	95	56	-60	67	47	76	-98	73	-79	97	-67	-56	10	41	-32	17	-9	40	-60	-77	87	3	-69	-56	40	28	-58	-51	-85	67	-2	97	62	85	-97	-35	
-19	21	-66	-41	83	70	54	13	-18	-61	-21	84	99	10	35	-85	87	95	89	-64	-58	-70	59	56	68	98	-27	-24	55	-75	32	-96	-20	25	33	85	27	4	-91	16	-29	-52	0	34	-11	-45	-23	16	86	56	35	-10	-49	-1	-78	3	84	15	-31	92	-12	43	32	-30	-4	89	79	-54	70	-20	25	-8	30	-47	77	61	-29	76	-15	79	-96	-11	72	-56	72	-42	-4	60	78	1	-98	-49	18	89	36	-4	41	60	84	59	-98	-55	56	-89	-74	-94	4	-52	-20	-59	-15	-89	83	-74	18	-25	-87	-19	-99	30	-3	49	-19	-82	48	96	9	23	
87	13	-35	-22	22	18	53	-50	77	16	-53	89	43	68	-75	-98	41	-19	53	3	86	0	-26	0	-1	53	-70	-60	83	-19	73	-72	-32	95	-85	-12	-23	-16	-66	6	37	78	5	-73	-72	99	13	11	-15	82	-8	-77	10	-34	-61	0	-51	-58	69	48	76	38	-71	-87	60	39	-16	-53	61	59	79	-73	89	38	-15	52	86	80	93	47	89	26	7	87	-70	96	57	31	5	-58	-60	-11	53	-7	-63	-56	-93	13	-66	-74	-99	-86	43	-55	39	68	28	49	-75	-84	-62	-94	74	-61	11	-77	57	-71	-84	1	44	-26	53	-57	31	-70	-33	-2	
75	0	2	1	-96	63	-2	-56	86	22	-58	-71	73	36	-9	-19	5	74	53	18	99	-30	98	0	22	-75	-7	-74	-39	-91	-52	36	-34	16	-38	88	68	-91	-58	-2	19	-64	27	-58	-1	-66	-64	-63	-64	-89	-18	-92	49	4	-79	-91	87	-24	46	-32	-37	6	52	52	5	-71	71	-62	99	-31	-29	29	82	-83	-40	80	-66	31	12	40	28	-93	-79	-72	-79	-60	78	-77	47	93	77	69	-16	-66	-87	49	22	15	-3	-31	44	-42	-33	-87	-33	-71	-5	57	-44	1	34	-47	-98	57	-54	-87	32	25	-53	-49	-44	48	-65	75	-34	-93	-31	77	
-6	82	27	11	-3	-80	52	-95	53	-50	53	32	5	60	69	70	75	-36	-74	65	36	86	26	-37	28	-54	-16	-73	15	-15	74	-60	-38	4	-44	94	-19	-22	17	-30	-51	32	75	-45	-43	75	46	-19	-83	-53	-98	65	84	-15	50	48	-86	73	-37	-3	-83	50	17	17	97	85	-23	65	-37	9	82	-93	-89	81	-88	11	67	-52	-35	-37	-45	-80	72	27	81	53	-46	-35	-64	-19	-53	-28	-44	4	-54	63	68	19	44	-6	36	-93	57	22	45	-30	-24	-70	90	51	-21	48	-14	-34	67	36	-4	-37	-11	-35	53	59	75	-49	-56	15	71	71	
35	-95	-50	5	66	69	-55	-89	-22	90	30	-67	-96	16	50	52	44	40	31	2	92	78	-27	60	-68	-51	-45	85	5	8	-40	-44	-12	83	82	-45	8	-74	-95	-89	-88	14	11	-27	4	-75	0	-33	-56	-7	-2	-12	-80	50	-72	-91	-80	46	9	-63	-60	-62	62	-24	-12	-56	-88	-80	7	48	71	40	-49	99	-11	25	5	36	-35	37	96	65	13	-5	28	0	-97	-3	-30	5	-68	68	-70	92	17	4	22	-50	-18	8	-13	-46	52	-57	-7	-79	-45	49	-4	72	-71	-39	97	34	-49	14	3	25	-66	-90	49	-50	69	-13	93	47	-13	-63	
28	29	-91	-92	-9	2	-4	1	13	99	-55	-9	-49	-69	-47	76	-33	4	2	71	71	38	-65	81	-95	-66	97	-3	-35	-13	57	-9	-95	67	15	-60	12	-13	-43	-61	79	-89	-6	26	16	76	81	-68	3	-78	-74	8	-41	-69	-68	23	-9	27	-8	-8	-45	-2	-22	7	57	-96	-75	71	-78	1	-22	98	-88	-50	-32	25	47	8	1	-46	0	42	51	44	-57	80	22	66	-57	63	-79	-70	-19	-99	45	83	44	77	95	-76	19	-36	-88	9	-23	-38	-13	-32	91	-9	-80	-38	21	-71	-88	-21	9	54	11	-46	-87	-88	-96	37	-3	-80	-90	60	
-85	80	32	33	10	42	-2	-56	-76	-94	17	-16	-29	56	66	83	1	76	-64	-78	-1	-47	12	-98	-52	64	-24	93	-76	-25	-71	-45	-23	9	36	65	-11	93	68	-63	84	-93	-60	-65	-88	31	-54	83	-2	-68	83	-28	98	-69	-13	90	64	-9	-21	-12	21	73	76	-5	53	21	59	31	70	27	37	84	4	77	-24	39	37	72	74	44	55	-64	-66	-75	-53	-24	-23	96	6	-56	-67	27	61	70	-81	-14	83	54	79	-38	-87	-74	-22	-41	96	10	45	-72	41	-45	-61	62	-43	-46	-1	-6	-98	2	3	1	-92	-66	5	0	-86	72	-10	96	
6	79	31	-47	17	-3	-92	75	-72	-27	85	76	77	22	87	-44	66	53	60	-31	-50	54	-43	32	24	93	-90	-32	-23	-59	-77	56	-79	-45	-63	74	-63	-60	-58	-73	55	-95	41	-70	86	26	37	11	-45	-61	84	73	-15	-57	78	-60	-50	36	-35	7	87	89	-68	46	8	-73	94	44	33	35	-84	-1	4	29	-43	65	-70	-60	-54	-4	65	58	-28	72	-8	-77	-56	-31	-16	51	-97	46	-70	-9	64	90	47	92	55	89	-25	8	48	-93	-51	-28	-13	19	85	64	-98	31	7	73	-92	30	-32	-2	29	97	44	81	3	-96	-86	-90	19	-82	
0	93	-21	14	14	-85	-64	-77	-63	21	-63	59	30	86	-26	28	27	-72	-97	-53	-55	-56	77	-32	-95	11	24	-8	-72	56	-66	78	-57	41	-36	-67	89	-16	-12	10	-54	-66	93	37	73	-68	-29	-33	48	93	-25	-81	87	84	97	-7	17	-34	4	-31	-64	70	98	84	82	-36	90	26	66	29	-6	67	-65	-89	-25	0	-72	87	25	-70	-1	20	-75	20	9	56	-41	42	78	29	4	-45	99	-99	56	36	-79	0	55	-99	-74	-80	-32	-27	-58	-17	85	-38	0	-12	59	18	-57	-97	91	-77	5	38	83	51	-21	-3	-87	94	-84	48	-7	86	
-36	-77	-33	-50	-63	27	-53	-40	-2	-84	-42	-29	36	-21	-95	-9	-96	64	-93	-67	-6	55	-76	-37	44	-20	-3	64	79	35	-97	11	35	-74	93	36	-39	10	92	-46	-72	26	-68	-66	-31	27	-2	74	65	-69	-94	-61	2	-1	22	-86	-18	-21	6	38	93	-70	7	-85	98	-34	13	26	-18	-13	79	86	15	88	-47	-62	96	88	-30	-28	-81	-20	62	-61	-79	-25	77	-8	-71	-17	26	-62	64	-30	-29	-74	24	-56	46	71	-95	-87	59	-16	47	-52	64	0	-70	75	-40	61	49	3	-86	24	22	-5	63	-64	58	-36	36	-55	19	-57	-33	-77	
-87	29	59	58	68	15	-40	-94	-49	72	-67	43	-11	-99	-22	78	12	86	-64	-57	-11	68	-56	1	92	-42	5	-3	-89	64	-82	-72	-5	22	58	6	-55	-72	88	-69	-51	-96	1	77	53	54	88	34	-89	-15	39	-69	-47	10	-19	-19	-96	31	-15	40	53	56	-26	39	-50	15	79	-40	-31	-65	-82	-77	0	-80	-68	37	67	67	-40	-61	-12	84	-65	-21	-26	3	-70	91	88	-91	-44	33	-25	9	-58	-60	-98	-65	-20	-16	24	59	99	70	74	-47	93	-34	33	-88	-13	18	-44	-31	-22	14	-67	46	-25	58	-29	-22	-91	-92	-99	-20	80	-79	
75	40	11	-48	-81	-49	-62	9	18	17	-39	-37	-94	2	-1	-51	-45	-29	-51	-38	-76	42	48	-34	-35	-79	-66	-65	78	39	53	-59	87	-58	19	74	-89	86	19	-7	-77	81	-54	55	17	64	-90	73	-13	-19	33	-79	-61	-11	-39	-87	-56	-11	-70	95	-65	10	-36	84	20	33	-48	75	-30	42	56	-37	-53	26	-67	-62	34	-40	-61	23	-32	-34	72	94	-99	24	-21	-71	10	49	71	66	-88	79	-34	-82	-62	99	29	-38	-33	-87	-76	80	8	20	-44	89	-92	86	75	45	-37	24	-93	-99	77	80	-97	44	45	-37	-51	-27	50	75	-34	-15	
21	-43	-54	41	29	88	38	84	98	25	-3	-97	-70	-31	-45	-80	38	-32	18	27	99	78	48	-72	-88	0	2	-98	22	29	28	-37	85	10	95	-54	52	83	48	-3	5	-28	-53	32	8	-94	75	-2	-52	67	1	93	-6	-10	-36	43	69	-1	-2	-49	99	-46	-78	38	64	30	-79	22	56	-92	99	-86	58	-95	-25	22	-92	-3	-20	-53	-99	-53	-64	-68	-13	-65	99	84	42	-70	-76	-49	-65	90	-46	-22	84	-80	-3	-20	12	80	40	21	44	-55	-87	-40	8	38	-31	57	87	15	90	-11	-25	14	9	4	78	78	-15	-18	-53	-35	-72	3	
-33	54	-58	26	-10	52	27	76	-68	-74	-25	-64	52	-19	-95	-36	-93	52	-60	-86	-22	41	-99	-10	-24	56	-29	84	23	-58	-77	-46	-40	21	32	-23	50	59	87	21	54	65	1	-68	-56	42	76	4	43	-18	37	82	-10	88	-11	61	-91	4	79	69	-51	-20	-5	-97	2	76	60	78	-53	-68	80	-86	-59	-17	-63	77	-2	47	-74	-8	-63	67	47	-94	16	-17	96	-20	45	50	-76	-28	78	-38	-23	-29	-34	-61	-46	-34	23	10	6	-79	-72	-65	10	-79	72	92	67	85	-22	-35	-54	82	-73	-1	-75	-36	14	-48	46	-16	48	17	-82	-21	
0	24	-30	-84	51	-88	-70	-78	77	13	58	45	-38	26	64	-77	-8	-71	-8	94	-45	90	-58	4	95	-62	98	65	69	62	91	2	93	-37	-81	65	14	46	-24	12	19	-77	-34	-59	86	41	64	-76	17	-16	97	-29	-89	89	78	-88	-28	20	12	-19	-4	-27	4	30	-21	-23	32	82	81	38	-25	9	48	16	60	-11	48	-85	46	77	-66	-38	-57	-71	44	98	91	-74	89	1	-30	-14	7	-82	70	-25	12	86	36	-60	-22	-5	69	-6	22	8	-23	83	-77	89	-77	88	-30	-63	36	-50	33	-76	-86	13	41	66	99	0	67	75	3	86	
90	-51	24	40	60	64	51	60	-2	10	-79	77	-51	-44	-20	-92	32	-40	-49	66	-49	60	-59	46	-2	-62	70	81	47	27	7	29	15	-48	-54	77	-48	8	-14	68	-14	-51	-25	-57	9	-40	56	60	-43	39	26	-56	59	33	23	-42	35	-74	-29	-32	-69	7	46	49	-79	42	-9	-31	-67	94	-69	-81	86	64	-91	-54	73	90	32	64	-31	20	56	-61	19	-67	-48	-92	-59	49	8	67	20	-4	-52	-15	78	29	-90	63	-50	-97	82	84	49	-48	-93	91	-25	-18	68	66	73	34	85	73	-79	37	64	6	59	-75	23	-17	67	30	-21	-86	
-91	9	-69	-68	-9	13	-79	-90	-79	-42	-37	-54	95	-43	-85	14	-2	-58	-62	24	-84	-96	14	54	57	-99	57	-50	42	-73	27	-5	67	-6	-93	-53	-72	-94	-41	-31	-45	-44	-36	-59	-91	6	23	1	30	-21	-41	-54	-28	4	-48	-19	70	-48	61	37	43	24	11	58	84	69	9	-43	-23	-59	88	-18	-98	-17	-78	65	53	-40	-66	-62	81	79	7	-81	-75	6	-23	-73	-95	34	0	-98	40	-22	-89	8	68	14	14	9	-87	56	-92	85	24	16	22	-83	58	68	-94	-70	-19	-89	-31	27	-66	82	66	-2	90	-19	-90	-74	-12	-47	-74	72	
54	-79	63	-5	95	45	58	-55	22	-12	-81	60	-32	-3	78	-51	40	-70	94	90	14	-2	86	24	-84	-73	-74	-11	94	-16	-94	56	55	43	54	38	-72	-45	-49	-19	58	52	79	43	-82	49	32	16	36	88	-96	-64	70	78	-83	-53	43	-27	-21	99	-82	-32	-57	-5	11	37	23	27	-14	-13	-56	40	76	73	-89	-52	24	90	-37	79	-93	60	-21	-10	46	-86	-46	-53	-49	-71	2	-14	12	-11	5	-55	59	67	-7	21	5	59	-89	-25	-42	-28	72	-22	-52	90	25	-7	13	-21	-57	-78	53	-18	2	-32	92	-41	8	-4	97	-69	-92	63	
-55	-30	-79	-79	97	79	92	-48	76	-4	4	-48	56	-28	98	58	-28	18	0	43	-46	-1	38	-75	42	-55	40	-48	73	49	20	-76	-99	7	95	0	25	32	54	-34	90	43	92	31	-72	88	91	-93	63	45	-4	52	-99	-97	43	-54	20	-69	-45	30	-85	-62	-35	71	-9	62	-14	-94	51	-72	-74	-32	28	59	54	90	11	67	-13	-50	-7	39	78	87	29	76	-90	-50	62	-91	54	55	-38	16	-65	-77	-82	45	2	42	-96	-86	-31	4	1	61	-81	73	42	75	-60	-79	21	7	-62	-6	-72	97	85	-48	1	-94	29	-5	-60	-79	85	-67	
-88	-81	28	12	35	-8	67	-7	70	-54	24	-24	40	61	-66	-83	-6	8	55	-88	-86	63	-57	-25	75	80	-39	87	-59	-8	28	32	7	-22	-18	-56	58	-62	41	-48	-67	-19	84	89	7	-21	-40	23	51	13	7	25	41	-85	27	-3	-13	4	81	45	-94	-77	-76	85	-97	-48	-71	-73	65	-47	-44	-38	-24	-11	-39	47	-27	19	-28	35	6	-33	-13	42	65	-23	-43	-24	8	-26	44	33	1	78	61	-6	53	-98	-45	97	86	77	35	49	36	-43	52	55	-34	82	-51	-15	79	23	-58	-40	93	-25	70	-76	54	39	0	-12	80	-82	87	88	
15	48	-36	21	-57	62	-25	-85	-9	-39	19	96	-2	-35	-80	61	39	72	49	-5	43	89	-57	-1	-51	-28	47	-73	7	92	85	-86	-66	0	55	25	-24	20	40	99	-17	-65	57	-14	0	56	-11	9	57	-44	66	-15	87	-23	60	23	55	-94	-80	-80	-67	-65	-35	-8	-88	-56	-78	49	-11	-97	99	-53	10	-70	8	22	39	-5	65	18	70	-60	51	-65	37	38	-84	-95	-91	88	-69	-26	-49	-87	97	20	-84	67	93	-50	-96	-71	32	-78	-85	-27	-28	14	38	43	59	55	-95	-79	7	23	-21	-35	13	-82	83	4	15	40	-20	41	-99	75	
-70	-87	-87	-33	9	-14	-86	-25	58	33	-48	79	-10	52	68	-56	-85	-68	-58	85	75	46	0	-83	52	35	-43	26	-86	-62	10	97	67	24	19	-49	12	-8	18	-74	-12	27	76	60	84	-21	-46	93	36	42	78	54	-38	-55	-57	-31	-92	-25	-12	-35	13	94	75	24	-5	71	58	-26	-87	-5	-16	-66	-98	-28	-82	10	-21	-6	-92	12	48	-84	8	7	-97	43	-52	-73	6	-13	17	-35	28	-39	75	73	38	-34	72	45	-57	34	2	-59	-61	-48	48	-21	-80	0	15	83	82	51	-62	28	88	80	22	51	-16	-66	87	-92	-99	-27	-69	71	
-31	10	22	-16	-54	-5	88	-16	-61	-20	-21	-20	-60	38	10	-84	35	91	-38	-71	8	-72	-86	4	-22	47	-40	-15	16	-29	-14	24	-13	6	-76	-95	7	33	60	-92	14	-78	7	55	-99	6	-54	63	46	-70	51	-11	-37	55	85	83	39	-6	59	-74	-1	-75	-10	23	-64	83	-11	-78	90	-49	33	-27	98	22	-98	-19	28	56	37	0	25	69	82	-89	84	0	-76	-93	-13	-36	64	64	-54	-36	-51	45	-23	70	65	-30	-50	-71	10	-5	33	40	-48	94	-76	47	-18	-8	-59	-99	90	-26	-12	-23	-15	-50	-69	49	-94	-24	74	2	-16	39	
-93	3	-72	-27	-32	10	30	99	-51	-21	44	20	-69	16	85	-64	97	13	-49	57	-95	32	81	-77	-32	-34	43	-99	29	-49	74	-96	33	-97	54	20	-27	-26	36	-44	1	48	-86	9	67	-86	-76	70	44	-48	-74	51	72	-61	-85	-28	89	35	29	-94	-8	-94	-15	98	-36	-13	-66	-16	45	-99	87	-69	-8	3	-1	90	-30	98	-53	8	46	-51	37	54	97	-65	-85	13	-91	-35	18	6	-13	-46	4	-55	28	-66	-26	49	-78	12	53	-8	45	-40	-72	-13	2	-52	-18	8	-67	13	-47	21	80	40	-10	81	-96	-19	-20	6	96	-29	-19	-13	
-12	83	-92	88	-37	10	-29	55	-66	-45	-11	61	63	-25	29	72	17	-57	12	87	26	1	-45	84	82	50	33	-4	-54	30	-21	-81	-10	-52	35	23	-93	-72	-32	2	-38	12	67	-72	-99	-57	-9	14	28	-45	-10	29	-97	46	-10	-48	4	76	-82	93	54	57	93	-38	90	90	4	8	-25	-34	54	-88	0	-30	64	67	-30	-86	47	-50	-60	-91	15	69	-6	-29	91	71	34	-77	-80	21	-20	87	85	57	-33	-14	52	-89	-39	-70	40	-25	-46	24	-98	-90	6	90	18	40	-48	-51	42	10	-63	16	26	-29	-48	-3	4	-17	22	-57	58	-43	
56	-10	-40	31	5	11	-93	7	98	-39	-4	68	67	-19	75	84	14	-33	-67	-61	-16	7	17	2	78	-22	-2	61	16	99	0	-78	83	-20	27	75	-6	4	-49	90	-52	-62	55	27	60	-18	-63	-26	-7	-48	80	-78	-10	61	93	39	16	3	-28	94	-9	-1	-60	22	78	-53	98	-96	18	20	61	8	64	0	-93	81	58	-79	-15	37	-25	56	-74	-36	-14	55	71	4	-26	27	50	-74	-48	78	8	8	-57	60	-21	27	-8	62	-45	14	-70	-43	55	80	-71	18	-77	-64	95	-22	77	-3	32	65	-31	53	-26	73	65	88	-63	-68	36	78	
-14	51	-2	-29	71	-15	-79	55	-16	-42	-33	-71	40	-40	28	-12	23	34	70	59	10	96	95	-98	-32	98	22	-14	-12	91	77	83	18	-26	-85	82	-65	-89	81	76	-80	-83	95	-17	-3	49	-63	34	-6	74	-98	38	38	28	-19	37	-79	-5	-69	-34	34	57	20	-83	52	-69	69	18	-39	-30	2	61	-39	-60	-93	85	-82	-77	-34	-80	73	-40	-8	1	8	9	-51	-96	-89	-3	-55	61	-82	-91	54	6	72	-69	-9	-80	54	81	12	47	-38	35	-90	30	39	93	-44	-73	-51	-48	-17	82	70	-76	45	87	-26	-28	-22	93	83	7	-43	-95	
26	58	76	-14	-8	32	66	-88	-93	12	-26	81	-97	-88	72	-86	-31	42	-37	-5	51	51	-8	13	8	72	83	-96	93	20	-20	16	-3	-10	70	38	-4	-42	82	-69	-33	-77	-95	49	11	58	-80	87	36	75	-17	28	60	-38	30	36	-1	32	40	90	-6	-38	27	21	27	-70	67	17	74	-73	15	-20	-75	65	37	70	8	82	38	98	4	9	72	-50	34	2	-85	-66	78	28	-91	63	11	-38	-52	15	9	32	56	-79	-10	92	-8	8	-93	-54	38	-39	66	52	66	80	-96	-9	-99	-95	74	57	97	-74	-5	-79	-50	-46	-48	-87	69	-41	
-80	70	43	41	4	4	-16	-96	59	18	-97	77	66	63	84	-53	-7	-96	93	-72	-40	3	7	-31	30	-79	-17	77	25	-70	-46	26	-52	8	-64	-47	56	65	-54	33	-49	-65	-25	-53	-35	60	0	-39	13	1	27	86	52	-3	0	95	-53	-68	7	-80	49	76	32	5	66	27	56	-80	16	-18	-24	18	-26	59	11	76	-32	-62	-71	62	27	82	-6	-43	50	-39	27	-55	-47	-87	53	-71	-19	-2	-54	31	9	16	32	-38	24	-60	38	6	29	-95	9	-72	53	23	-95	40	-72	-72	-19	38	-91	95	65	-66	-99	-32	81	-40	36	93	22	-88	
93	-50	-23	7	90	44	60	5	25	-67	-94	-92	23	14	-22	91	15	31	-33	6	-45	-82	65	-65	77	0	-45	-54	-81	66	22	-22	3	-81	44	64	-89	47	86	97	-50	38	-94	-15	12	83	-95	-29	-63	86	-97	-53	-1	93	17	2	-41	14	-85	15	67	-36	61	-12	27	-36	1	-63	-41	41	99	-30	88	80	31	-22	98	13	28	-36	-76	-32	65	-32	-52	69	-21	96	-49	-34	23	-30	72	-85	69	8	97	-75	-36	-73	-86	44	-46	69	68	79	-64	-17	5	-89	76	-72	90	40	59	19	60	-5	-55	58	81	-67	-99	82	39	-31	21	42	
-55	-42	0	-12	77	22	-95	-8	70	22	12	78	-80	19	17	-17	48	-39	73	12	-72	88	-19	43	-24	-62	27	39	3	-61	-24	-45	-89	72	-87	66	-71	-78	2	-31	91	-66	-38	78	17	14	69	-66	-47	-73	75	-45	45	-40	48	-78	68	62	-55	0	-83	-17	77	-15	-74	10	80	51	82	77	-66	-75	5	-45	-30	36	16	-18	41	70	73	20	92	83	-66	-58	20	70	-22	-89	18	-70	-83	-80	73	-43	88	-4	86	-55	99	-36	-2	49	78	-81	20	83	91	-31	-70	-15	89	39	-58	79	64	-81	26	-43	74	-53	-76	-50	3	-36	8	32	
22	-25	-18	-42	24	0	-6	-54	69	75	95	17	-58	-25	57	-68	81	64	-1	85	82	-75	-29	-21	-41	0	25	88	23	6	-22	13	19	-54	84	-98	77	-6	59	9	27	-42	-78	-92	-95	35	-24	73	25	67	71	-27	-43	-6	17	7	28	1	31	-61	-43	48	96	14	-52	83	-99	-23	-48	-49	-49	-63	-58	37	-62	68	-46	-77	89	15	-25	69	-61	71	-74	-27	-81	2	59	80	-41	82	16	33	-55	-51	-99	-9	64	21	57	-15	95	-81	-60	79	-62	40	25	-40	21	-65	-15	-32	-59	71	-7	-7	55	9	-3	16	-54	-48	29	-64	32	-75	
8	80	13	-36	-41	-27	-85	-63	28	5	-39	-67	95	22	17	27	57	-44	14	95	-77	-3	-62	-2	49	-25	-61	-60	28	36	84	22	-27	16	51	-49	-85	94	-23	-89	4	65	11	74	-12	36	-77	-90	-29	-98	69	-13	51	-53	4	-51	-62	25	45	-65	13	7	16	47	8	77	-44	-84	50	-74	84	-14	45	72	95	-53	-94	-51	61	7	96	99	79	89	24	35	93	-59	45	-85	-72	48	-2	-29	51	37	-26	40	23	-87	-97	-9	-76	32	-52	-61	56	95	13	-27	-14	-64	-53	-49	-86	24	63	25	6	-12	27	-86	-38	-47	-7	20	-38	65	
-93	68	-3	-66	30	-57	0	-46	-46	-16	66	40	37	50	97	-67	34	73	31	7	-82	49	37	63	32	-71	-94	28	-25	-6	98	-17	-12	-21	-30	-57	96	47	-6	-72	93	41	59	-18	51	11	-2	81	-18	-63	-34	-13	-79	-19	75	-28	87	-8	-94	-35	-55	-95	74	-77	-83	-93	-64	-52	-70	34	-15	-18	-36	-53	-4	-28	-86	-70	53	-56	91	58	59	-51	87	-79	52	-9	-23	-22	54	-40	-27	-56	-61	-20	14	7	46	59	48	-87	-88	-92	14	-44	-18	12	-46	77	33	11	-80	-24	-81	-11	75	34	99	-79	94	-86	59	9	-19	-16	87	-3	
-50	98	-16	65	-13	-58	-79	30	13	37	-68	34	36	44	30	-95	-27	64	56	38	29	-85	-87	-33	-85	77	-68	-92	-15	80	36	26	-21	11	71	50	-98	61	56	38	17	-98	-79	-42	-31	40	-50	34	60	53	47	84	-43	83	93	-44	-88	-48	37	-62	-65	39	72	-39	-23	-64	-47	19	-46	94	75	-2	-85	-32	-93	46	1	78	63	-58	-61	8	22	56	-82	12	-93	73	17	-57	-4	73	-41	-30	-73	42	-62	48	-82	-58	-6	-25	37	-31	-8	-20	-44	-69	-98	90	92	58	-35	44	-14	85	76	73	-62	-23	-96	35	-38	-79	60	11	-6	-60	
-32	63	10	-20	64	-56	53	0	23	94	44	-1	47	9	39	99	77	70	-16	-78	-87	-10	-13	42	-98	-2	-62	50	-21	-66	-33	83	-33	2	-96	-81	18	-76	-53	73	59	49	-31	-34	-64	64	-18	12	54	-52	47	-86	28	-50	37	-89	50	-21	91	86	60	-56	51	30	-36	59	-68	-1	13	-82	-78	51	-63	-63	32	-65	52	70	-42	-12	-87	14	70	55	-19	37	-14	78	65	35	-91	89	73	-51	16	46	-87	10	28	92	-7	96	22	2	68	36	89	7	-89	83	25	60	-42	-70	39	69	49	72	44	11	16	-76	25	-73	-97	23	37	36	
-57	-53	-73	-47	-40	-46	99	1	-4	25	-17	99	-6	-90	-57	-79	36	-15	-55	84	-38	84	39	-57	-19	77	85	4	-51	39	72	-79	-4	70	61	59	89	89	-32	-25	-32	41	83	61	-91	48	23	75	-74	39	-5	-86	45	75	-77	-81	-7	-79	-71	-77	45	-29	57	0	55	-18	-89	-6	-36	15	86	27	71	36	99	-57	43	-17	48	83	8	67	61	35	-59	-15	-99	39	1	18	93	-49	-18	-40	87	21	-80	96	14	43	-86	19	52	-12	-90	7	-10	-75	27	-95	-94	-62	-5	20	46	-44	-73	21	-79	83	-16	-5	-99	-55	0	-92	-18	69	
17	46	4	99	-59	-58	-6	7	-84	1	-97	61	-58	91	-60	56	53	92	46	38	64	-95	-39	97	71	-59	-7	-17	-26	47	21	-16	58	-84	-4	-13	-71	-95	-67	-38	43	58	21	-21	-83	-87	75	-35	16	42	-45	93	-20	31	33	-25	70	-79	-10	-40	72	-2	82	86	-8	-72	88	75	-6	96	-28	-67	9	-42	-51	-66	-13	-76	-10	-99	42	28	40	-92	-10	-37	66	-40	56	48	-17	35	38	-79	-25	-23	53	3	55	92	87	-7	38	-82	-82	-6	0	-35	-5	-39	-96	50	13	-94	0	-37	-20	-46	-44	-9	14	-30	56	52	31	44	-5	28	
52	-91	13	44	-25	48	74	-52	-72	-2	0	94	-50	-63	36	-79	-18	-93	3	69	32	-54	-74	-47	89	31	56	24	67	67	-83	44	72	-37	78	-9	76	21	-70	1	-17	-4	-61	-85	-20	88	-2	-8	-73	2	57	66	27	36	-55	-60	-26	-2	96	-20	-43	23	-92	72	-82	21	38	24	26	14	-55	57	-94	-21	-99	59	-54	40	-18	-16	39	91	-76	-46	-81	-35	38	-69	53	-74	37	99	-68	-42	4	39	-48	24	-50	79	82	-71	8	56	84	69	68	-68	9	75	-22	-13	0	51	60	-86	-98	-19	99	71	-10	8	-9	-67	-39	88	12	88	
90	-16	-22	-49	-60	26	47	-46	-90	37	-35	-74	-51	40	-15	76	-19	-60	47	14	81	-71	42	-86	24	88	-80	37	76	46	9	48	-67	-75	21	-74	82	31	62	-13	45	1	15	60	-68	-82	29	11	-43	63	79	-67	-34	91	-72	39	58	46	-80	-17	64	-82	82	-95	-83	43	-48	-77	-65	83	76	-6	-64	-60	10	-48	28	20	76	-41	-26	-75	-98	12	-24	-52	-71	87	62	-83	76	-99	14	19	-39	3	-48	43	34	-14	3	-58	77	-61	-44	-64	28	-29	-87	-37	-13	43	-22	-12	93	14	46	23	70	15	-81	87	-47	-56	69	-60	38	-47	
-41	21	39	36	12	8	-96	-2	8	91	10	90	-93	13	-58	95	-72	38	-4	-48	38	-3	85	16	-51	48	-55	-92	93	83	17	-2	47	53	-71	24	11	-96	-89	-89	72	-1	28	80	-2	24	-47	-61	23	2	-17	-4	-57	-24	17	86	54	-21	-84	-7	70	58	14	15	86	32	47	83	93	-51	-24	4	29	-65	31	4	-8	-22	-86	-12	-11	28	85	64	23	41	9	30	-75	-57	21	12	-28	-4	-76	-38	-12	-99	34	29	-34	-8	72	35	-39	-5	57	93	56	-51	-65	-24	60	-80	90	3	-35	21	-55	-6	-52	6	33	47	-49	-74	-92	48	
-74	-99	41	41	-67	-36	22	-68	-11	-36	25	-86	-85	-93	10	-83	-22	53	-85	-44	61	78	-28	10	-20	-35	85	-72	33	-52	59	32	18	96	84	12	-26	-32	-37	45	-92	7	-54	0	-49	-83	-40	-93	-57	17	35	90	72	15	-17	-70	-44	-39	14	86	96	-76	41	46	11	-92	45	7	-58	78	-38	89	82	-33	72	-64	-93	-4	-61	85	-18	23	65	84	-57	-50	-14	31	-21	45	88	14	-1	19	73	40	35	-10	-46	-75	8	-4	69	-71	51	36	-30	-24	-20	47	49	-40	-2	36	44	-5	88	-79	-96	52	-23	-91	90	38	59	-60	76	-96	
-51	-79	-95	-52	93	46	-86	41	-39	15	47	96	42	-19	-58	1	-48	-9	-65	-32	-97	0	28	97	-25	-1	70	-83	54	-35	-19	26	16	15	1	44	-77	-86	37	-25	0	-86	-28	-86	25	-99	9	-63	64	-63	30	-17	3	-66	91	6	74	-13	67	-36	73	-88	64	64	-86	47	-35	25	19	-83	-86	-1	-39	-62	66	2	-90	25	-45	-88	18	49	-51	-96	-69	33	-26	68	-53	75	33	-62	19	-83	29	48	58	5	75	-31	-37	52	-51	-32	2	-75	84	12	76	-20	-18	-57	-18	37	-68	90	-33	-73	62	-40	65	52	-56	-57	63	42	-97	9	
-14	-13	67	-40	97	36	-22	75	-95	89	-96	-87	-75	-93	30	-44	53	-79	12	72	-36	-20	36	98	27	-86	-85	-36	8	-36	-36	-86	89	62	88	-14	-95	-87	34	19	-24	89	84	-73	59	82	-94	89	-86	-89	91	-51	-42	-74	-75	41	52	-60	60	80	-46	-19	-82	-76	16	95	-72	-98	-88	42	-18	-14	-71	10	-59	3	-56	98	-34	11	-43	62	-56	-82	-85	11	12	78	-51	-67	-31	20	-48	-78	-44	37	0	54	-12	5	65	5	42	-65	-23	-8	-6	-42	-46	-88	-14	81	-78	-24	76	92	98	71	-84	39	20	-14	-76	-84	-80	69	-50	-62	
-90	23	67	-12	16	-11	-23	59	49	73	81	-52	82	-61	75	-17	-61	-37	59	98	85	-79	-63	56	64	42	-39	63	-19	9	-47	-13	-18	93	51	-4	5	-49	26	-33	-86	39	74	-2	-27	41	-38	39	-8	86	76	52	78	-1	6	-46	-15	22	-41	-35	-88	99	34	-88	-71	58	-69	-80	-11	56	69	-65	93	-25	64	-6	-41	-83	45	-74	-98	68	-94	71	-82	26	-83	-39	31	62	-82	52	26	3	-59	92	-62	80	-60	66	32	98	-37	-95	7	68	-77	-64	-59	-27	50	-31	-79	-73	-64	-35	85	-15	-23	-94	-67	-23	-86	-52	-60	-20	-99	26	
-64	-23	-92	28	43	3	53	-53	12	-20	17	48	53	-91	73	35	-21	69	20	-94	92	35	-95	21	17	-57	-14	15	-79	-24	28	41	-22	-15	59	58	59	-48	34	65	-62	38	32	48	-12	-63	-88	-89	-66	4	18	28	-60	-83	-49	-98	-74	41	41	70	-18	-45	90	68	-43	34	39	-90	91	46	-73	-53	-84	-7	39	31	63	-15	64	63	8	21	60	-99	-89	-45	-94	14	96	57	-51	-45	-17	72	44	-93	-85	3	29	-1	-1	85	44	-26	73	-28	24	90	85	27	-50	33	90	85	-92	90	33	44	26	74	-6	-23	-27	-76	81	94	27	71	
-68	-36	-94	9	-5	-61	77	31	41	-18	-25	-84	-49	-41	-10	-93	20	95	-12	46	10	1	46	75	44	7	-39	-27	-22	-16	33	67	-42	-72	18	24	30	20	14	-16	-40	79	-20	-19	79	-79	-96	17	-60	-93	61	11	-47	72	79	-20	17	51	62	83	-58	5	-12	-94	16	55	-9	-73	2	-17	38	6	93	96	-32	48	46	98	-31	-35	-35	-77	-61	0	0	-97	59	-46	-13	7	74	88	-64	-84	34	-44	62	14	76	-86	-37	-14	-39	-49	-55	50	-68	-54	-77	28	-10	-81	-98	-47	15	-54	-21	0	33	-17	10	-21	-6	62	66	-46	-15	0	
80	43	85	-99	18	23	53	43	-8	-93	92	49	-98	-39	-80	-83	91	-59	-76	-39	-61	-49	-3	-29	-61	78	-82	-64	-28	-50	-96	72	13	68	41	-40	69	69	-86	37	25	52	95	39	-73	35	28	12	-90	34	-39	38	68	-34	57	-53	38	-41	26	57	75	72	52	48	-17	26	-61	18	-23	35	-27	67	97	-99	46	75	-54	-28	-37	-53	-10	63	48	-4	89	-9	-31	34	89	5	-94	-8	-32	11	-64	76	48	50	25	-25	-46	-31	62	-59	-50	39	-48	49	-36	50	-29	28	-18	30	37	-57	-89	-14	57	-56	93	9	-43	-22	23	-33	3	33	
-95	68	-71	69	70	-65	60	40	16	-94	59	-44	46	38	-94	27	40	74	25	-72	26	-76	-10	91	-65	-39	59	11	64	-6	25	99	-81	-29	17	-54	-43	86	-98	32	68	44	58	-32	-8	-84	-76	51	-10	19	-34	27	-56	82	44	-74	-38	39	73	-23	-65	68	44	-2	-52	-37	48	-67	31	15	-16	39	-8	-56	53	-68	-39	12	-59	93	40	-1	0	97	-22	-58	54	45	79	-97	33	-2	-5	-60	33	28	88	-14	54	-71	75	-66	-30	45	-17	-93	-59	-27	62	80	-44	21	42	-73	98	24	-78	55	-6	-70	-94	78	12	-21	-96	74	62	-30	
82	-4	-52	5	23	40	-65	-9	-26	-65	97	-17	41	91	38	-12	-76	52	49	-60	-22	-57	14	0	7	-35	-56	2	95	53	66	57	33	-76	-19	58	-40	-81	83	-99	51	46	39	57	-46	24	-27	-60	-43	-47	24	-56	21	-22	-23	-46	9	-85	-98	-39	-4	9	46	96	5	4	0	-97	-53	-78	94	54	-74	-55	34	16	-11	74	-47	50	-65	-86	-18	-40	-4	-52	47	5	-51	93	-7	-76	88	79	-73	92	36	9	15	79	19	21	-90	40	-90	-79	48	-20	-10	-75	-30	-27	-51	-73	-37	-89	-88	-27	-40	-24	58	-80	62	46	1	61	-93	-1	
76	62	79	25	65	50	-77	36	-29	93	17	-16	64	-5	17	54	82	10	-72	-85	93	-43	61	-57	-48	33	-93	40	79	67	-52	-42	43	52	93	-5	24	60	32	-75	-19	-2	-10	-73	39	-39	67	-30	-86	29	23	69	36	-84	98	53	72	-85	49	-24	52	32	97	33	-1	67	-49	24	70	-58	20	-42	18	79	38	-7	-19	-13	-59	-3	-9	-85	-63	96	-71	57	17	88	31	6	22	12	9	-61	72	29	-39	-91	28	87	45	-43	96	1	50	-49	77	-66	90	-7	-92	-47	54	86	-82	-82	23	42	-60	-51	-55	-83	65	71	-76	70	66	-5	
12	55	-69	-23	19	-64	61	42	67	-53	-26	39	54	-76	31	45	-76	-90	42	-42	-83	-94	-73	-65	14	-24	-95	-47	77	-74	60	56	-72	-87	64	80	-88	95	15	6	-84	73	98	-81	-48	36	-27	98	43	18	-66	-58	29	-20	-18	-77	-8	34	75	-35	71	37	20	50	-72	-74	-71	-49	89	-48	47	14	-79	66	64	83	-77	38	55	12	-13	-21	-22	88	-91	-75	-61	46	-38	-48	66	94	-51	-92	-25	89	-94	-75	-33	-31	0	-15	49	7	25	94	-38	38	-24	-99	-38	-41	-2	52	-32	12	43	-51	-40	31	17	9	17	-48	30	-44	39	53	
53	-29	41	-75	-20	-80	-88	77	-93	64	-38	-53	63	-40	34	95	-51	-29	-17	33	86	-49	81	83	17	86	11	-75	-40	-80	-61	-17	4	-61	-55	-11	11	68	-40	68	-51	65	-49	89	-8	-19	-50	-86	35	76	-93	85	53	50	-57	2	28	24	60	-70	87	42	25	92	-28	-56	60	31	98	-10	3	69	84	-60	-58	-17	71	-35	88	61	48	-43	-62	26	-55	-69	-53	-41	83	86	83	-91	15	54	-54	-24	85	-67	41	-61	-33	6	72	29	0	0	-71	-41	-19	93	-12	80	85	49	-92	75	-44	-16	81	-23	-65	-69	16	26	7	12	-37	72	
-43	50	84	65	11	49	31	-79	-49	36	-63	-4	-81	45	-13	-94	-92	-96	25	9	46	82	84	77	65	50	-27	3	74	32	-19	48	-26	91	9	40	-64	-37	-87	33	80	34	93	68	-38	59	82	-20	-3	-12	-17	19	-27	-81	-23	71	1	-62	95	13	-35	-43	31	-78	-27	-98	-43	-25	-26	88	-24	4	69	-71	50	50	61	55	-8	-79	-76	32	0	-93	-68	28	-46	70	-3	32	-31	-43	-79	89	36	27	-51	84	-70	-29	64	-83	-94	77	48	55	-95	-75	0	66	38	2	-5	40	68	-18	31	46	-7	74	37	90	-79	-59	35	69	23	-62	
-61	-56	-75	-66	79	83	-93	-46	39	15	55	-51	-4	15	43	-8	-83	-86	42	17	-22	60	62	-45	96	25	-40	-45	0	76	-41	-51	0	-34	95	15	-8	-32	35	24	42	-86	77	83	95	-72	-43	60	-14	89	-2	-78	-84	32	91	-6	-58	-20	27	-17	-14	58	-18	-56	17	45	54	-33	85	-14	-74	14	65	-73	-42	15	84	-18	96	34	72	-88	54	69	38	72	-55	-50	25	-17	-17	-77	9	4	70	70	-22	21	-31	-72	-77	87	31	-57	-64	76	58	-35	-1	25	-35	66	-58	-38	82	-12	55	-97	-40	-47	81	89	29	-11	69	-53	-37	13	
-60	-37	15	-6	52	-9	-10	0	-31	-34	-67	-42	-87	-44	68	-23	13	-74	66	51	-88	-15	-20	93	-58	16	-78	17	6	-93	-22	-6	33	-16	66	-23	-79	5	-6	-3	78	-93	-81	-73	-71	-66	39	-82	-58	-76	18	30	90	-49	-34	-13	-75	-21	-69	-48	17	-38	-44	-80	71	78	-8	-86	96	-47	-91	-46	70	27	66	32	-94	-39	43	-44	-80	55	35	91	-81	-17	2	91	-83	64	-45	-32	71	-34	46	32	53	-20	32	75	-54	-90	8	81	-3	-92	-46	44	51	35	58	28	-58	56	64	-8	-24	-26	-83	-27	6	-87	95	-22	62	-47	-77	88	
-28	-78	27	14	89	87	-49	11	-33	-11	34	-78	-43	-21	6	-7	-5	-79	29	-36	86	43	38	94	-57	56	-91	-40	64	-6	-22	5	-56	59	81	-3	71	55	-54	84	-8	55	27	86	-60	-62	10	-61	-55	-51	68	56	-6	-52	-66	-75	-77	-25	29	47	56	-71	-80	33	-57	24	-95	68	-96	-13	56	36	-71	41	25	90	-2	0	98	70	-21	84	-27	70	-72	86	-25	-18	-40	-97	-53	99	6	-38	84	-64	-55	-27	1	58	-33	-58	22	55	-89	-81	-96	-97	-80	-59	49	-74	23	-39	51	-2	-45	43	-89	-82	54	72	-96	-5	-62	44	39	67	
-24	39	55	-12	54	72	-57	26	-70	-14	-24	-94	-36	-49	9	-91	-23	61	72	-83	32	73	62	-53	2	-2	-91	-65	-38	-8	31	86	29	38	25	83	81	99	-60	-31	75	41	-81	99	20	-71	6	63	57	-41	-26	91	-85	-54	46	-60	70	93	-7	-75	-51	36	56	96	52	-47	-14	90	-33	97	-34	-5	-59	12	90	51	37	50	38	-58	36	-20	-96	54	7	12	-61	49	68	92	0	-52	82	-83	-54	-62	-99	45	45	-28	2	-97	-11	37	60	-90	76	-2	-2	-30	-80	98	78	79	94	79	0	65	-27	95	35	51	-84	-21	92	-94	47	3	
-88	1	-42	-36	61	-10	55	-79	-94	53	-36	-17	-29	-4	-57	53	-94	-32	-39	-83	69	-92	50	-18	53	-75	49	-22	9	-6	-39	63	-66	22	64	-9	50	-14	24	-44	-8	-20	-69	-40	21	-96	7	46	-7	-83	-77	10	-98	-27	61	0	-95	-32	-67	-94	-19	-53	54	56	71	-37	35	75	-76	56	-77	59	81	-41	-64	88	30	-14	-92	98	13	-63	-35	82	-44	0	-98	99	-51	79	-28	55	61	-95	43	-69	81	-4	-23	-31	28	42	91	58	-81	-14	10	73	-90	25	14	89	-80	63	-84	71	25	44	-6	-16	-44	-2	0	-26	95	76	50	-4	
63	-86	65	65	75	12	-63	-73	58	-14	-2	-53	96	-59	-98	-81	35	62	76	44	-88	37	-88	-11	-86	-9	-18	-90	-43	65	-66	7	13	6	0	-45	-10	-92	92	-97	-81	-23	20	66	15	8	-77	-87	37	-84	96	-78	-63	57	-78	90	12	-11	-26	-99	61	75	-75	33	8	-55	98	62	8	-21	25	45	24	-21	-87	-96	-28	39	86	-20	42	50	61	6	84	-55	-90	-47	61	-21	41	97	-93	-77	61	-78	25	-97	94	-7	-35	88	-18	-44	9	-28	34	-72	14	12	-98	83	-19	61	-88	44	-86	0	-24	85	61	-84	-91	28	-57	84	-30	-83	
-52	-67	17	15	0	-60	60	-10	-59	-74	-54	59	94	-70	15	-78	-2	60	-13	26	92	-90	-32	30	-46	-45	-58	-63	52	77	39	87	-5	12	-76	-84	-25	-24	74	-5	11	-72	59	22	21	-31	-59	-53	18	-35	-55	14	46	95	-98	93	-55	83	-53	-78	9	-38	28	-89	-8	-93	48	49	-50	-68	96	-62	31	67	55	63	-7	89	-45	-33	-7	70	86	-2	-15	89	84	15	0	-4	-32	25	-22	26	45	-21	90	-59	-62	16	32	-41	-60	36	-43	21	-60	-66	-12	2	55	13	19	25	-35	63	-3	-88	-64	29	-16	34	-48	-63	96	-22	41	-1	
8	45	-25	-15	16	44	79	40	75	24	-31	-88	-5	-84	97	-10	-16	53	-68	74	-23	-18	-44	50	-89	47	14	-1	97	-18	74	4	-89	36	-30	-42	-81	8	-71	-48	85	33	-30	71	-23	-26	-23	-93	92	21	-92	81	76	2	0	12	98	-88	-32	60	-2	5	-20	89	-80	-40	26	49	62	-54	-5	51	-12	-36	-52	-51	34	-83	-7	71	86	11	-84	20	-15	65	41	28	-61	1	-12	-19	-13	53	-78	-8	-88	-29	84	-75	24	25	10	74	18	-36	31	29	-61	70	-10	-3	2	27	-82	-39	-43	75	69	28	-76	-22	71	-9	37	71	9	-2	
60	-3	-83	53	-58	84	30	-19	77	18	96	85	6	-84	-36	-84	19	90	81	82	-24	-70	79	60	34	-10	58	15	-4	-37	90	-88	8	65	74	-32	-13	4	96	-54	-48	-61	-11	-75	-80	60	33	33	-80	-34	-97	-5	21	55	26	-47	-77	33	-37	9	73	-40	18	-52	-75	-5	-5	-35	-71	-43	-4	24	3	-22	70	61	-53	1	31	74	92	31	-93	-75	-61	66	64	98	52	-63	56	17	31	-85	76	-73	42	69	-75	-51	-66	53	-61	2	-77	88	43	-47	-28	40	-95	29	71	-72	47	-35	-93	-49	44	20	-17	-59	-17	-38	90	7	-93	-74	
-39	62	73	5	-38	-73	9	56	57	91	-73	25	-9	-52	-72	-18	-24	3	-78	-16	-66	50	-87	54	-25	-72	76	65	33	91	43	21	-41	17	36	-39	-75	78	0	-60	-30	-76	-81	-95	-59	75	47	74	73	-12	-25	-64	-46	-15	79	72	59	-20	43	-58	-54	9	-83	-94	27	-70	15	57	-81	-59	-52	74	-85	-4	-61	34	0	21	32	44	-26	68	53	54	-1	99	50	17	67	15	87	-48	45	75	37	89	38	57	34	78	-77	93	-3	14	83	-4	-79	-62	-74	6	61	78	4	-43	51	-29	-51	60	-32	78	-4	90	-86	-63	94	-27	-16	-55	
-45	-62	-72	29	14	82	-15	66	-94	6	-13	97	39	-63	83	-80	21	81	-87	73	51	-52	68	-38	-79	-99	18	0	74	18	-86	-41	-41	-5	-84	34	-86	-6	-61	20	-92	33	17	21	1	52	37	99	68	-11	87	92	-88	27	-94	-90	-20	97	-13	-32	-9	6	81	30	14	-6	-91	75	0	-28	55	32	-99	-16	-52	-79	36	13	42	71	36	11	-79	58	45	-25	62	27	91	-73	-43	10	41	-49	-18	-45	-1	-86	-46	-11	-35	96	-45	10	-71	37	40	-46	22	-18	19	-98	-23	52	33	-65	-51	18	-38	38	16	76	74	-43	74	-40	-28	18	
27	-24	-86	-80	-4	-87	31	3	-52	-8	7	26	-64	-27	-8	47	-21	99	-66	-97	-34	64	13	17	51	-43	81	92	87	-42	69	-35	65	98	19	53	84	71	-37	-63	-17	-99	28	48	-62	-63	83	22	-38	32	-20	-62	55	-53	-25	33	-27	45	23	70	-87	69	-85	72	-68	-32	-94	-96	-32	94	18	56	-11	0	99	24	9	-10	-89	-21	90	98	51	87	97	97	61	-13	7	11	40	46	-32	-47	-94	-84	-25	73	-29	-64	94	46	67	-79	-28	85	77	-70	-43	84	-38	-74	2	-45	60	-14	-23	-9	-23	-68	-31	-21	89	70	-61	-70	-74	68	
44	-65	74	10	92	39	-11	-19	-14	3	36	88	80	-1	7	87	-82	59	36	-6	-92	-95	58	-98	7	79	-27	93	-31	-17	16	-94	61	59	-75	77	64	-23	-92	98	75	-47	-97	-13	38	-71	88	5	-70	99	-82	-65	-53	72	-62	-49	-48	92	-40	-78	89	33	-66	-30	6	34	10	91	-39	-13	-86	-40	-62	-84	-42	32	15	12	7	-69	76	-59	-54	-6	66	48	-85	39	24	53	89	-50	3	-85	10	-80	62	77	94	-63	54	65	51	42	80	-94	80	74	-12	-98	-19	60	22	-50	72	-76	-76	21	99	59	58	1	-2	-26	-40	88	7	92	
38	97	60	93	67	-68	30	50	85	32	-79	54	-39	-30	43	-27	-70	-49	-49	71	-9	-39	71	-81	41	-44	-75	-92	-92	-12	49	22	67	54	13	90	69	15	-19	-49	13	-32	-43	-7	51	-76	-63	-24	-21	-51	7	61	-71	-22	76	2	-17	-34	63	-52	-64	66	-26	62	72	-86	55	-61	76	-68	-6	94	-56	40	-21	85	-21	17	42	99	92	99	-32	-25	95	13	63	-29	39	-43	61	-49	-81	34	97	-42	70	-41	53	-15	-60	-2	39	-48	52	90	72	0	-10	33	19	1	69	-95	-62	-23	90	98	-60	-59	94	-29	93	24	15	-14	-84	79	
63	28	37	-99	-80	-9	48	-56	70	61	19	-70	94	-73	-57	-36	-79	97	-19	97	-46	43	79	-89	-88	17	-87	94	77	-64	-71	6	68	72	51	-38	79	45	-84	-61	-37	-80	-18	10	-93	-81	78	-19	94	-33	12	-96	8	-3	-79	-16	-46	45	74	64	-33	36	37	-57	-99	30	-17	7	-23	-69	30	23	-86	-46	-75	-80	-8	-71	-75	-82	-22	42	42	16	64	-19	-74	-23	62	21	32	-49	-21	-90	-52	-27	36	-17	70	-43	22	33	-9	-57	-78	-61	83	-2	35	-5	-17	-14	-53	84	-69	-62	95	-41	-55	28	-81	-47	-5	-73	-47	-28	14	22	
79	-94	-87	-92	55	90	36	48	-61	-37	-98	58	92	-13	-34	77	-43	-13	-32	-68	-91	51	77	0	-47	60	0	42	-10	-55	92	9	-9	69	80	-81	-47	55	-36	67	-46	-81	99	95	31	5	-36	62	92	38	-20	-49	-56	-97	-64	-80	96	13	-84	-56	59	91	-31	-92	37	-49	-3	30	58	56	-43	-37	-97	87	-11	-1	61	18	-99	-69	-93	-50	-20	-8	-11	5	0	99	-45	-30	-34	-31	77	-41	-63	68	32	-5	3	34	-77	74	35	-26	11	-41	-41	-94	77	-98	-1	49	89	89	20	-12	-15	-27	-59	-35	-11	-68	-52	74	-53	-21	42	-39	
-30	-29	56	48	-79	-74	82	60	89	49	47	74	99	7	18	-77	-27	99	51	-7	27	20	94	6	14	28	-82	14	-97	-27	-21	-68	15	-84	19	-97	76	-12	-2	-57	78	-30	-87	-46	18	4	29	-40	-92	63	-19	14	-29	-69	-96	-52	-11	-87	31	86	58	93	16	-36	61	-24	-11	-79	-16	-76	26	87	-63	-39	11	48	68	-60	-26	97	95	-71	-11	99	2	-39	-56	-21	-4	70	-89	-36	63	46	93	80	16	47	-53	54	-26	-39	-76	58	72	0	99	24	-86	4	66	-72	-88	-10	-22	-53	14	35	53	-24	-74	-92	-13	41	38	-83	34	87	
79	-69	-17	-54	67	23	87	51	23	39	-63	88	30	-10	79	-39	-98	64	35	-99	-12	27	-73	17	-25	-34	-41	46	-46	87	5	87	-39	-22	-75	29	-96	-91	-39	-19	68	57	79	32	-11	-54	-99	-23	46	17	-19	-12	6	90	15	-62	14	45	-74	23	50	53	-71	91	-73	90	58	65	10	-10	-16	-62	43	27	-37	54	80	40	-87	21	96	10	66	20	-82	-55	55	-80	76	-20	-62	-5	-38	45	-34	-90	-30	-85	27	77	-40	59	1	-97	51	96	96	-7	-3	11	-71	68	6	-1	15	95	63	54	50	99	73	18	0	-7	-82	41	72	58	
19	-65	-42	-93	19	-75	-2	75	-21	0	71	77	78	-10	-84	33	-32	-89	-63	-84	33	-56	-37	-15	-78	84	75	7	32	8	90	-72	-92	0	48	-41	-48	-22	82	-96	-5	61	-94	-86	-38	-47	-88	-54	-86	-87	-91	-20	-78	-78	-32	24	-7	22	58	-79	7	76	-99	75	-37	-71	-95	72	-38	-38	-29	-12	-52	89	-47	59	-47	-2	-70	31	44	92	-51	65	19	-12	-17	-36	62	-33	-45	17	32	91	49	-14	-30	85	-23	-74	-57	42	-62	49	-7	-87	-78	97	75	18	-64	-71	-91	-79	11	-60	-92	-95	-84	83	-30	47	78	-72	-86	-31	-74	48	
62	31	84	-46	45	35	-90	-24	-93	81	69	77	-47	-9	14	39	40	-54	-66	-5	-94	-45	-62	56	-46	31	-95	74	21	17	-44	-16	31	-8	75	62	57	-57	-81	79	-56	94	-71	-98	3	31	-24	83	-23	-5	9	72	27	-39	-47	88	-29	-59	55	-96	25	10	79	-8	-89	57	33	-18	10	-21	75	-13	-43	-60	-82	61	88	8	-16	-26	34	-5	12	-80	32	84	-62	-16	-22	-8	85	11	92	96	-40	-15	-5	94	95	96	-28	38	-78	53	83	-57	35	97	92	-40	68	59	27	-95	32	5	-23	-8	98	7	-26	53	-85	-45	44	-62	41	-37	
-79	47	-27	24	-96	5	-45	-80	-28	-89	-36	-44	-20	96	-80	85	-70	-22	37	1	-83	84	22	-57	-3	16	-81	24	-19	66	58	62	-36	31	-35	10	42	-4	12	66	59	-6	-99	-45	3	21	15	42	72	76	-57	82	-33	15	-47	12	21	-99	1	-91	-8	70	0	-26	-90	83	-41	-51	-4	-72	0	63	-55	94	11	-65	49	47	-52	-73	80	93	-27	0	-11	35	-60	-37	13	-77	-68	96	-82	-71	-70	-28	57	-76	-66	16	0	-44	54	28	64	-43	-52	-6	36	-20	-25	60	-73	67	12	-20	91	77	98	12	15	51	99	53	86	-45	-25	-95	
-42	90	-50	23	-27	-38	-58	93	-9	92	2	-96	-70	52	48	-45	14	-1	98	9	77	3	-1	-12	-93	71	-53	87	-10	-22	-91	4	-55	73	-83	-83	-81	0	-87	-45	-21	-27	-36	-50	-6	-8	92	-55	71	-53	-63	18	-27	-31	-35	-46	45	82	-91	-32	-9	48	57	-1	36	-86	95	-49	-27	-88	-61	-70	59	91	37	-1	16	0	56	54	-8	-45	-49	78	78	39	-53	97	15	-68	64	-51	74	-6	-52	75	-56	-69	70	83	-18	-40	-84	89	31	4	30	-28	-58	-86	-50	-75	-38	12	96	-10	-22	-38	92	58	-88	-19	69	26	85	41	31	93	
-65	82	-5	80	-95	34	-50	-63	-6	61	33	-54	52	57	-64	-57	60	-95	32	93	46	-70	23	86	19	-56	-87	74	58	-79	-86	-4	-75	64	-75	90	41	69	-46	-46	7	-70	65	90	32	-98	-5	-69	2	-92	-95	51	95	-54	-81	-60	-55	35	79	-96	-46	34	49	35	89	-33	14	73	10	3	80	31	-98	60	95	93	-55	-44	-31	-8	11	57	-78	-87	-10	-31	58	-81	-81	85	55	-70	7	-67	99	-63	-20	88	2	-91	69	58	-90	83	86	0	0	51	-90	49	-49	-3	84	73	-70	-55	-91	19	6	-5	24	-85	-80	-83	-59	-63	97	30	
10	20	-20	73	-42	-93	-47	44	55	-95	-17	-58	-15	-37	89	45	-23	32	94	-6	50	88	-49	21	-13	-93	99	-59	-25	-78	67	-18	-41	37	-60	-75	95	11	-99	-2	1	-43	-50	-66	-2	94	-19	16	67	48	-1	93	-91	94	-89	-3	-95	94	0	-73	-8	76	-32	88	49	82	65	0	-84	47	46	15	49	-38	-73	56	-32	-60	76	-20	-90	29	30	-11	27	39	-62	66	-67	-13	-16	-25	54	17	86	-61	-91	35	71	-87	-10	-23	84	87	45	-47	-75	14	10	-64	72	-77	-19	-37	11	92	7	-97	8	-47	38	20	-19	94	70	-78	88	-58	
-71	50	77	-56	-62	28	-91	77	75	-94	-83	76	-3	-48	-13	-52	-6	19	-49	-68	-34	35	-76	58	-9	-50	-44	-98	-32	92	-4	33	50	-46	-33	64	15	96	-63	-47	58	-68	-75	54	-16	8	42	36	-46	97	49	-50	-64	59	-4	-51	7	-69	90	-93	22	-79	95	61	-2	25	75	19	-78	-18	89	-97	-93	83	-93	41	34	32	40	-74	8	45	-79	75	47	-91	-15	-36	58	-43	-52	-19	9	-67	1	44	-93	-44	58	81	-65	-93	-13	92	53	27	71	43	-2	35	4	64	21	-69	-80	85	74	29	13	-63	-8	-76	41	-65	-82	-51	-79	83	
-29	85	-6	-59	-53	-72	10	-85	29	50	32	-71	-67	52	42	4	91	85	-11	30	-32	-83	-41	-13	33	-45	-83	-84	43	1	76	-9	-46	-17	90	-27	-53	-17	-83	-17	-45	-38	31	-83	-64	-63	-94	-60	-18	-2	29	83	-92	29	-30	95	-9	-8	61	70	79	17	-58	-18	-60	89	-2	-24	-24	-21	-52	33	54	57	36	-92	-61	93	40	-99	-84	-41	-12	-32	24	-94	-73	-42	21	-47	-79	-78	50	-63	-35	42	3	57	5	56	-94	10	-30	-99	3	-66	-39	74	15	-83	0	21	-64	-74	-67	51	85	33	-13	71	83	-51	-33	15	-63	3	27	-70	
3	62	31	-36	75	-36	6	9	97	-16	87	-83	82	18	-64	1	37	94	29	-37	4	-96	-33	-4	-19	-64	-3	60	-39	47	-71	-74	64	81	52	-49	44	71	3	-11	-99	-84	28	92	27	-74	-39	59	-17	48	11	-78	95	-37	28	77	29	33	58	-28	-16	-36	50	-59	-40	41	57	-11	20	-7	-50	27	45	-88	-38	42	-18	-63	-26	-40	-34	-69	53	-48	34	-74	-91	15	19	93	71	16	65	61	-6	-61	36	36	16	-15	-92	-86	48	73	-56	76	57	-20	24	-18	87	23	62	-65	-44	80	-26	-25	-71	93	-68	10	-15	99	64	22	97	79	
-4	42	-28	42	93	-33	17	96	-49	-14	89	55	83	-8	74	43	83	-84	-60	71	-45	-21	83	-51	28	48	-30	74	-37	-45	74	95	78	-73	-57	-95	1	-16	38	-21	36	-87	77	32	48	-79	-70	31	57	-91	53	-68	-56	-43	-7	17	-85	9	70	-30	23	44	39	-94	-32	-62	-25	92	70	31	-51	72	5	52	-75	-97	47	-43	-68	34	-28	39	30	-90	71	-77	22	11	82	54	49	-59	44	-34	-45	65	-16	-30	-92	98	41	89	28	94	-68	-24	-3	18	39	-12	25	-61	38	-92	63	-45	-70	72	-39	-14	-67	-30	-74	70	-5	53	-63	29	
57	-31	-16	29	15	-90	-19	-66	-46	9	97	-90	-13	-89	-10	-78	92	-92	90	99	26	-63	-97	-36	30	69	28	34	55	-70	-94	-86	-61	46	-4	-12	-87	28	10	-81	-14	20	-61	36	-29	35	6	-61	-3	23	-6	90	-64	-78	35	-66	-13	45	92	-96	40	-49	56	18	-71	19	30	-22	27	72	-64	-17	-77	9	95	43	88	-86	-56	55	-98	-60	-83	78	-87	-78	41	-34	61	-39	0	-96	-28	-36	38	67	18	21	-61	16	-2	5	93	-13	34	-63	88	-26	-93	56	5	72	-2	77	46	-16	40	44	12	-40	14	-84	-66	22	-76	-42	53	57	
-61	23	28	-7	13	53	13	24	0	-34	-23	29	-39	-33	91	-52	25	11	-18	25	74	61	28	18	-97	-99	13	-72	53	-96	-48	-48	79	-83	29	33	-44	-94	31	53	17	-1	34	82	31	31	31	57	90	61	-2	-27	41	-70	-34	-1	29	34	28	2	0	43	-16	-94	93	77	-2	45	-30	-67	92	20	24	-88	-24	-64	27	59	-59	49	-61	52	-87	10	-66	-33	-99	31	61	27	61	-13	-2	-83	-78	-19	62	7	-21	66	-48	45	-6	70	99	-4	93	52	41	-61	-19	-64	56	83	-93	17	-54	-88	-43	-79	12	59	4	4	-47	-69	50	-52	
-9	-36	90	-96	-19	-56	47	61	-22	-68	-31	-27	90	49	34	51	89	98	-44	-75	30	30	70	-88	-63	22	-81	77	-99	16	-80	29	59	-53	-21	72	-60	-81	46	75	30	56	-51	-86	12	-36	75	-18	44	42	-99	68	69	94	23	76	70	-16	-71	24	-9	-80	-29	71	69	-42	80	32	-12	68	-47	92	-81	-43	-15	-88	-32	-61	-18	39	-49	59	45	30	-21	-97	95	-38	2	81	1	-45	-89	52	90	-98	25	-21	-53	-32	54	95	22	-30	18	-45	84	58	-49	-32	-53	32	91	-53	61	-23	-18	17	55	69	62	-97	10	71	69	51	89	6	
93	-77	-49	22	-70	60	-91	-51	-1	4	-8	22	-83	52	-61	-6	22	61	88	-38	75	88	33	-25	91	97	57	29	97	18	-44	-65	-63	37	62	14	-78	56	93	-49	-63	-36	18	65	98	-26	-11	8	22	-78	-25	74	-46	19	-64	28	-67	99	81	52	52	-26	-75	43	84	34	-18	-64	42	-56	-52	85	0	56	-6	-64	-91	-78	77	16	-47	22	-10	-81	22	-11	-25	97	37	10	65	54	-17	-75	6	59	93	22	72	-56	97	-72	67	52	-26	0	-89	0	-39	57	19	54	-50	-68	-83	-68	-95	55	61	72	-21	31	79	-22	11	19	48	48	
-1	-73	-45	-69	-86	-59	83	-87	-4	19	54	5	-73	52	-49	-24	-21	-38	44	-62	-35	-30	-5	27	-40	-44	40	16	-25	-90	73	-28	65	64	-78	-43	0	-84	96	-67	-10	-35	65	67	71	-69	-24	90	-69	2	-85	13	-72	-95	61	8	79	-73	-46	-91	2	-66	63	-68	-15	-83	20	-38	99	-64	48	84	68	76	2	-85	80	82	-60	-79	25	28	-64	90	-52	-23	79	-80	-69	63	-75	-27	3	-3	64	44	-98	-86	-91	25	-35	-47	60	62	87	52	29	71	-92	-1	9	97	-69	-73	-64	55	51	66	-82	-44	-58	85	-31	72	34	-84	70	-7	
69	-52	-83	-85	63	49	32	-19	-45	-29	-16	52	-79	-51	-69	42	-43	25	-54	13	14	-19	-12	-88	47	34	-23	18	26	-5	80	87	-93	-2	-26	-21	-35	90	-31	-5	0	45	-30	78	85	5	-34	-41	60	-80	63	-31	42	98	52	-55	-99	-27	-64	-91	-93	-67	-44	-56	-56	42	89	22	-99	8	27	55	-16	-61	-92	-34	-52	-14	-14	0	-10	94	-20	87	40	74	63	98	15	-11	-63	46	-52	-63	34	-89	10	-47	-51	53	82	62	8	76	72	-83	37	55	93	8	86	-75	32	30	61	78	-62	-92	-1	-46	8	14	63	-39	92	36	96	-79	
-86	-15	97	-95	-85	34	-56	-65	14	66	4	37	4	-80	37	32	73	75	44	35	11	20	2	-36	-68	45	-59	74	-8	19	17	72	-2	-14	71	-27	-18	-1	85	-88	91	-31	20	-69	-11	-25	91	71	97	-39	86	50	-67	-29	-93	10	55	39	98	55	-49	90	30	86	-99	48	-97	-46	-54	-68	98	37	-72	33	-89	32	-73	84	-36	34	-48	24	85	61	-99	91	-13	2	57	-8	76	37	67	4	-92	-90	73	-38	38	49	33	-34	-21	-84	-72	-25	-37	97	36	-60	91	-72	-18	-22	-14	93	17	-98	-15	17	-78	-87	-56	-25	89	72	88	-97	
-59	14	96	73	38	-3	-5	41	14	55	-65	67	-18	-88	89	-17	57	74	43	70	-70	35	46	62	-10	36	2	-34	-47	-31	-12	37	35	-75	10	-12	71	-59	80	-79	95	-70	-22	-70	83	10	53	64	62	-19	89	-8	83	78	45	-58	-76	38	88	73	62	-66	35	9	-74	74	-64	24	-2	14	-64	-39	-4	91	-39	64	0	21	-66	-84	-11	56	-45	74	-86	-46	13	43	-15	-62	3	8	62	-42	-12	20	-89	-98	-60	33	12	49	-16	-47	31	-38	-92	-89	28	-34	9	-63	35	-84	37	95	-48	79	-41	-49	91	-58	34	-90	82	2	36	94	
-30	19	-48	-68	63	-13	-77	28	-50	-53	37	98	-72	-14	-21	32	39	70	-18	35	90	37	11	88	55	-49	89	15	3	-22	-90	27	57	20	40	-60	56	-49	-66	33	31	-65	-82	-34	-62	-62	-14	37	39	3	64	61	65	93	-1	-53	-61	-5	3	82	-99	21	-86	-40	67	9	59	-56	86	7	-28	23	-83	-85	71	-3	-16	-39	-86	84	-75	-40	69	10	-50	-98	82	72	2	3	-29	0	86	-3	-71	29	-34	33	-19	62	-66	-52	-33	14	33	-13	80	-11	52	-91	-55	71	-90	44	-52	-31	18	67	59	-39	-54	-59	-65	1	-89	-93	-12	85	
73	16	87	96	34	61	-48	-38	4	89	-71	90	-34	-57	52	53	-24	-55	21	-73	-18	-1	86	-72	40	-11	-3	25	-90	-36	29	-72	11	22	82	-89	-30	-70	-82	-11	-8	86	28	-49	98	13	26	-85	64	-23	-3	50	-54	-53	-18	-63	39	38	13	38	76	-90	-88	-44	35	-2	-83	-75	76	-78	97	-21	91	-56	-50	-19	97	32	89	89	48	-15	95	70	-24	69	-42	10	-53	93	-64	33	-73	98	47	40	30	27	98	0	50	-96	-12	29	-24	-21	-86	1	24	74	-38	-67	-22	-45	96	-47	14	-42	1	96	45	65	-75	-42	65	23	-83	23	
-89	30	13	35	72	58	0	50	23	-28	-81	-2	-39	53	-20	32	-96	98	43	40	-10	-92	-56	7	9	-34	-10	92	14	76	25	96	27	82	80	42	77	-53	29	69	0	-81	-40	-12	-71	41	-53	70	37	56	-32	60	-33	47	79	54	72	-42	-13	71	-46	-86	-2	33	13	9	39	59	-35	-40	-75	-46	-33	64	94	-84	0	-44	78	-46	70	-89	-76	-87	7	-30	-25	-34	16	-9	86	-55	15	-93	81	90	46	-13	-32	38	31	-77	-97	-19	-15	28	74	44	87	-39	28	-19	13	48	37	40	56	29	-33	-71	-29	54	-87	-96	-87	42	-17	-41	
51	-79	28	-61	41	-42	43	-23	65	79	-27	-79	-64	81	-40	16	11	-83	19	-28	-88	86	36	8	90	58	-63	83	-16	-13	38	-99	-28	94	-79	11	-93	3	59	-34	98	-19	35	93	-71	-59	-39	-12	-92	-67	80	43	-29	-6	9	-38	-38	74	13	-76	78	46	-45	85	68	61	36	26	3	53	-30	-21	54	41	66	-55	-4	14	12	38	-56	-34	-57	-9	97	73	-59	47	-93	-32	57	56	-41	-62	22	-39	53	-75	-37	70	-51	-66	-42	-75	54	0	-99	-29	-79	98	45	-31	-14	-60	-43	-91	78	9	-75	-61	96	98	17	-39	-19	-49	79	-14	
-91	-50	9	81	-2	-60	78	-60	-82	-73	37	0	-55	-73	-35	-32	-66	13	-75	-63	88	-8	-49	45	-30	35	-35	-76	-90	29	42	-3	-44	84	14	-49	26	73	-29	59	-88	-79	86	-18	5	5	9	8	-29	-24	-43	50	35	45	-93	-76	2	58	-11	-69	76	68	-36	90	-20	13	-40	-84	39	45	37	-67	29	-33	-5	60	-77	18	-56	-83	-75	91	-12	-95	-9	37	-14	91	-33	-35	78	-24	-28	-73	-3	-13	-5	97	84	-21	-85	45	-14	46	12	-90	-81	2	-8	45	-36	41	67	63	-36	49	-95	25	82	-61	5	-89	69	47	-71	-41	-3	-1	
-73	25	1	-83	-69	-9	-31	-98	25	-26	83	-72	70	14	-47	47	-32	82	47	33	77	73	65	49	-63	-37	53	52	74	0	35	47	20	57	-47	-88	85	37	37	-46	67	-98	-45	48	-21	-97	-96	-80	26	87	-79	1	41	-20	-30	30	-49	-21	83	-70	70	-65	12	-86	34	63	-5	30	-55	77	-68	-34	-88	16	-77	80	54	-17	42	-56	33	-93	-35	37	78	28	75	17	23	-39	20	-52	16	-44	-25	-38	71	-48	-59	-1	-5	-37	-97	-47	-39	72	-57	37	94	87	33	-33	61	-63	-71	-10	98	8	-53	67	-94	-4	-16	-29	75	85	-94	65	
-52	76	-97	0	-86	43	-16	32	2	15	-31	-81	61	-19	85	63	17	-13	30	-62	25	-7	-67	-5	-81	-89	-16	-22	-89	38	79	-64	45	63	42	-95	-34	62	94	23	-39	91	-87	-85	56	3	-29	-83	-49	-53	-75	64	-2	11	-49	-76	-51	-95	34	-66	-8	29	-94	15	-11	-39	68	96	85	-72	-45	-74	-68	-86	55	96	79	57	-90	68	-93	39	15	36	-98	-87	-61	92	36	36	-36	58	10	-40	-88	53	-20	-98	32	-41	-95	-26	94	-90	-2	-73	-62	-57	47	24	9	-72	74	-70	58	88	43	-14	-38	-68	-34	-82	26	21	40	65	75	83	
