7
39	78	-79	-52	-64	-72	-73	15	-36	-74	-56	6	-90	-27	-88	99	30	64	24	-53	57	46	14	-78	-32	-41	20	-75	95	30	-53	62	59	93	-44	75	76	-88	-87	96	71	59	37	-6	-90	16	-18	-79	-57	65	74	-59	66	96	18	24	-30	84	-19	4	-83	56	50	-83	63	-13	-94	-40	24	-18	-82	-35	78	84	-66	62	60	-2	-58	-22	-87	60	-12	-45	93	82	58	-40	-89	38	-16	-56	-71	-90	44	4	-5	68	-68	-58	-81	89	58	80	-57	6	-22	-53	-72	76	-61	-52	96	-87	39	-30	-38	-12	-53	99	62	-88	-19	30	-90	60	90	-21	
-38	55	58	-1	9	96	57	78	0	8	-12	-62	49	57	-92	-78	91	11	-22	-97	78	47	88	-59	95	-63	9	-62	-52	-2	-2	26	17	94	54	-75	-88	-19	-51	20	49	7	61	21	41	-62	-59	-89	-82	-20	31	-68	22	0	22	72	56	82	-1	-35	83	90	-41	71	68	59	91	71	-71	38	45	64	42	23	-7	-42	-59	-85	64	-76	52	84	67	-8	31	-31	10	-82	98	52	-15	-48	26	26	-42	75	90	90	71	-95	-98	-83	77	-64	-22	33	62	11	15	32	44	-4	23	-91	-46	-48	68	4	-48	-21	37	59	-88	40	-12	-65	84	90	
68	-53	71	58	-37	36	-83	-60	17	19	-42	-61	-84	-62	-47	-79	-89	-82	38	51	7	-12	-49	-62	-92	-24	46	-92	-63	-3	-10	30	19	63	-6	32	-5	56	-69	73	4	-99	34	33	-49	60	-22	62	55	98	-91	-79	79	-3	5	-13	-78	12	7	-10	-85	-19	65	-1	-58	86	34	49	52	61	-34	-19	-90	77	-29	57	-62	75	-61	52	-80	72	-55	28	-79	16	-68	29	20	60	-47	68	46	-41	76	-79	-83	-23	-26	97	46	-22	1	29	-58	27	8	-19	-43	14	-5	-27	98	-78	7	85	40	-71	10	67	-43	78	42	9	-9	-8	70	-6	
-90	48	63	-2	-40	-98	27	-23	-60	-25	-3	39	58	-31	-34	0	-74	-74	81	94	-55	-28	61	56	57	27	-15	-26	17	-6	95	-81	7	12	-84	66	-2	73	98	89	-10	-68	-87	-52	-4	8	69	25	97	70	-47	25	-83	17	-80	-88	26	68	-55	22	-83	-15	-24	81	30	6	92	31	-82	-8	-58	-4	57	2	-49	-76	6	-89	-84	-3	-26	-95	-93	45	26	-89	-5	21	23	-28	-99	9	0	-88	72	-2	5	68	76	-78	-22	-39	-18	43	35	-17	-79	43	76	67	27	-51	-71	35	-37	-53	-86	-40	56	45	-58	29	41	21	-8	70	-62	20	
94	84	21	47	34	-11	-74	-86	23	-74	92	37	-35	88	-82	-34	-16	63	60	-97	-2	88	-21	-13	94	-12	34	-39	-9	71	-88	-23	76	-46	2	-82	7	-33	97	76	-34	30	90	43	-49	-95	-72	46	-9	37	-91	68	95	-79	0	88	-96	-8	91	90	65	-83	59	39	-78	32	0	20	-54	-92	-60	-93	2	47	4	-38	78	12	55	58	79	-54	43	79	27	56	55	95	-3	3	83	29	67	-51	44	-7	52	-8	88	97	63	-54	-55	-28	96	-17	24	45	-92	65	-58	-13	86	-58	-60	42	-13	-94	-50	30	-5	31	-51	25	-25	80	15	45	
-66	79	16	54	-70	-2	-22	71	-84	9	-31	-31	28	91	-57	48	-44	-54	1	42	-9	-44	28	11	-70	4	58	9	-99	-82	88	83	-11	-97	3	-36	-35	-96	-47	33	32	70	73	-82	-31	-32	99	-57	-9	-27	46	77	47	-49	-37	-64	-72	65	66	73	15	69	-76	-29	-33	50	23	-64	-57	-17	52	-16	67	73	-80	-83	-3	-15	-31	-18	-53	-47	52	99	-81	-3	-1	-10	-53	-6	82	-34	41	-70	-45	-88	60	-79	-51	-73	98	18	97	-19	17	88	-66	-41	75	84	3	-23	-12	80	-84	0	-31	-85	51	-34	34	72	49	13	77	-50	22	48	
80	-2	-83	-3	-73	-46	-45	-45	55	33	-82	34	-95	-92	-61	9	21	-62	66	22	-5	15	-53	-83	-29	-17	18	23	87	35	-12	42	-60	-90	-21	17	-85	-30	97	-98	-85	42	-19	68	-85	8	-52	-83	59	-38	89	-59	44	16	54	19	-83	-42	32	61	19	19	-72	84	-79	-63	34	-99	64	71	-82	10	56	-72	68	58	55	10	-31	-62	21	82	0	85	-97	36	-98	49	3	95	6	10	82	44	-67	-75	-36	-47	-91	-5	40	72	92	98	46	-19	99	70	-2	-47	-25	10	-84	-1	42	68	0	-26	-65	40	69	-68	-40	2	52	65	27	-90	
-85	-92	-51	15	5	-48	-69	-86	-51	59	44	-86	14	26	-27	-5	12	44	62	71	52	93	63	-12	85	5	-36	-78	-43	-43	76	87	50	-8	95	83	2	73	8	-31	8	-27	81	-46	13	-51	-90	83	73	-5	23	68	70	-95	-78	-76	-15	-34	-61	25	-21	-17	-66	5	-91	-60	-3	44	21	4	-65	37	84	-29	-3	-73	-82	-88	90	92	-56	0	-32	33	83	-4	69	-33	64	4	69	-91	-19	56	-25	94	-4	-41	-90	41	15	-78	38	-94	-74	-21	27	-52	-45	-7	-61	4	0	54	75	-20	-93	78	10	-86	23	84	-72	49	49	-92	-63	27	
45	-6	29	-62	-77	57	17	76	-55	44	49	-1	2	60	93	-81	69	-62	-66	-76	68	-35	33	-79	24	19	-16	23	65	-36	22	48	-57	45	86	71	7	-45	-70	-32	47	19	-72	86	81	-48	-92	99	11	77	-18	56	59	-69	25	-76	-53	40	-94	-18	-1	-32	67	-47	-28	79	-77	-24	-89	18	47	-91	47	29	-10	21	66	57	89	15	81	-16	31	-47	87	-87	64	87	-62	-9	-68	84	36	20	-98	-46	83	-38	56	86	-55	29	-57	35	-37	92	-26	-92	21	-91	-53	0	-53	2	-28	56	66	54	6	43	37	0	15	-30	-10	56	-64	51	
99	78	-45	-62	-23	87	-10	24	69	-63	-22	-73	68	-95	-42	1	51	-72	-17	-60	-54	-22	-82	-64	75	40	73	29	-47	25	-74	34	-57	-26	-92	-19	38	15	91	25	58	-64	-31	-77	74	71	29	26	-63	17	-91	57	-29	2	3	-40	-97	-98	2	10	78	-78	-90	51	-9	-64	57	-33	-94	59	67	-63	8	-44	-37	91	91	27	-26	38	-99	-91	-76	-46	-64	-71	9	48	96	32	3	53	-97	28	63	-62	21	70	-81	-19	74	-30	-78	-53	75	12	13	-26	-49	-85	73	74	-4	96	-65	83	11	27	96	67	70	2	-48	-45	-35	-10	81	59	
-85	-23	-24	42	24	-28	54	43	-79	12	-26	25	-40	-26	25	-11	-41	13	45	56	-28	41	-84	12	-34	42	-34	26	-8	1	-90	47	-99	-1	67	-65	-46	-83	94	45	71	-94	-7	33	-25	0	-98	98	60	-93	-9	28	68	37	-58	96	-69	87	-10	44	6	2	97	54	-52	89	58	20	32	-42	-91	72	80	-42	-32	-30	-35	-47	-85	-94	2	-3	-53	39	85	28	-23	42	-63	46	-74	-38	12	-46	-39	40	76	2	71	18	-27	-86	-50	-54	-64	-61	32	-52	37	-94	-91	70	-30	0	17	-10	-17	-95	24	-34	53	31	47	-81	-34	-12	-62	-97	
-6	-46	-69	-68	53	6	-16	22	36	6	-40	19	16	-5	-66	-75	4	48	29	-12	-36	16	-59	74	95	82	73	62	36	-71	-26	-79	19	56	-48	35	38	90	-41	-48	-49	-72	-35	-67	58	-78	89	66	-37	10	46	22	-49	-86	29	-79	17	57	-41	77	67	35	-65	-18	-28	39	-77	-12	-74	21	-37	86	55	-60	71	48	96	96	-89	-15	46	45	69	2	11	51	27	-4	-84	82	-5	94	-18	15	-60	-77	-89	-82	-35	54	11	-96	-46	-72	-68	89	-89	26	78	66	-76	97	70	-76	-15	-53	39	16	-53	19	-95	-98	-44	43	70	-66	5	-15	
47	-34	73	-41	40	49	-98	18	-81	81	-44	-4	-37	64	-38	23	71	99	-48	-9	50	-85	83	-45	-23	94	-6	82	-21	42	78	-44	26	-47	-88	-14	71	38	6	71	13	97	64	66	29	-44	-26	62	35	79	-69	13	97	-48	90	85	-85	26	17	34	-54	-59	22	33	34	85	-11	-96	-6	-16	-64	52	-40	-50	-23	9	-18	-10	93	1	-60	82	89	36	-27	43	10	44	-78	61	-34	-83	42	44	-40	14	-36	76	-79	24	-69	2	19	82	45	-3	-17	84	83	98	-79	76	13	-45	21	-55	-93	22	-57	-62	52	34	55	-33	0	66	-48	46	
99	9	17	-15	75	-23	-46	-38	55	71	-96	-53	40	-79	14	53	-21	-38	-79	0	-43	90	62	91	6	-80	-71	2	53	55	-10	85	75	-73	-77	13	98	-14	-84	-81	-21	-96	-48	60	83	-21	-28	29	81	9	-29	84	-78	-91	-4	5	86	-22	-52	36	1	81	67	-32	-66	59	68	-74	42	-61	-89	-28	-19	10	-36	59	-59	-67	3	75	-45	-16	-82	-12	7	74	-43	73	4	-38	34	30	94	72	48	-71	85	12	-78	43	-54	82	72	64	43	21	4	-22	0	48	93	47	58	-98	-87	74	-12	-91	16	65	10	40	-38	17	61	-40	88	85	
-98	35	30	-79	-70	-78	-77	-49	83	7	-3	-12	-94	-71	-43	33	96	-31	-30	-20	32	38	95	-1	-28	-51	-85	0	20	-65	32	-57	-20	-55	50	-3	26	48	33	3	10	97	-23	78	21	59	46	-34	57	-21	-68	94	-69	-72	-44	-16	35	-1	63	5	78	42	-34	47	-69	-51	-96	-89	92	-20	-41	-90	54	38	-26	54	61	34	25	38	-2	-89	-40	-16	91	69	77	61	-7	1	0	90	-4	-60	-58	-29	-40	-58	48	13	-16	76	-97	-77	-42	-90	-37	-55	57	76	65	-27	27	38	12	-18	89	74	85	91	33	-73	-14	16	-47	-38	1	-22	
2	7	-16	-95	25	-45	-72	93	-22	-80	-98	59	41	-61	-14	-75	-49	31	64	75	-48	3	-61	30	-14	-71	-7	-61	79	94	59	-9	56	-25	72	-62	21	-45	-14	-17	-86	45	-70	97	-29	-94	-65	48	-49	94	-75	-45	25	83	-67	20	93	51	-71	17	44	-93	-19	-83	16	41	37	91	-78	54	-27	-2	43	35	-6	-20	16	12	-7	56	77	66	-88	-82	-84	15	-67	-35	27	77	27	36	-15	-31	48	-46	-88	97	22	47	19	-70	-85	-49	-81	-98	-80	4	38	69	26	-17	-32	-43	97	-13	-58	7	-94	7	86	-83	43	-65	26	-21	-54	-19	
-56	93	-57	21	-94	-10	-88	15	75	45	38	1	-98	-69	-64	-91	-3	-73	-42	28	-27	29	60	-94	-96	-7	-3	51	34	-5	-61	-70	32	29	41	-68	51	-36	-42	0	22	25	-19	30	-1	3	36	83	-68	48	-73	30	-65	-89	52	98	48	52	4	72	23	24	0	-80	-72	-81	48	-23	-81	-26	-53	61	52	-20	0	65	-19	35	98	-91	-96	-20	88	62	-7	-7	-65	13	86	-77	-77	-14	84	-19	-16	-57	87	9	21	-48	-12	93	-76	-98	44	53	69	-22	68	-88	8	1	-23	-74	-85	76	78	78	-80	-69	-3	49	41	27	65	98	13	-72	
-13	-84	-68	48	-34	-2	55	-42	46	83	-15	-1	30	57	2	83	75	65	31	42	-40	35	20	-57	73	-57	-7	72	61	84	10	82	-86	-32	61	87	23	52	-52	61	55	-13	29	4	-66	-58	60	-65	-41	-68	-77	-8	-79	96	22	9	-80	-44	-12	-53	40	-59	-4	3	26	0	-27	-8	-68	42	65	-20	-25	8	16	68	24	13	-55	-78	-88	41	90	26	-5	2	-71	-21	91	86	-42	-68	-85	-51	-98	-26	-12	6	-17	14	-56	50	94	75	52	-97	19	-16	-51	-97	50	-40	-91	69	34	-88	-3	-69	61	35	-10	-63	2	86	47	55	-59	-16	
46	63	21	-71	93	-74	-38	-71	-94	-30	14	50	4	15	5	-66	68	85	-85	-18	-49	85	-54	40	-43	97	91	-22	57	-11	20	66	59	-82	-60	74	45	1	16	0	-15	20	-49	-55	-32	-73	96	93	-95	51	80	68	85	29	14	-64	-31	89	-78	-39	-14	-63	-56	17	-36	58	-46	46	52	-36	-57	-48	88	-21	37	-29	-77	14	-52	88	-52	-10	-77	81	84	47	-73	33	37	80	20	27	5	35	25	-50	-74	76	-69	32	79	98	75	66	-38	-40	59	-60	60	-74	-22	-64	-37	-99	2	-63	11	-39	96	3	4	97	62	80	-8	61	30	79	
69	-25	-62	58	53	-16	2	-89	-15	26	0	-4	12	-91	42	-62	2	-36	-80	42	-43	87	-29	-8	-67	26	-92	-27	96	-50	-42	-54	-4	-12	-88	21	64	-81	89	-90	-75	27	51	75	74	-89	-42	-64	-86	86	83	58	20	-93	-80	22	-4	74	57	54	-27	51	40	-19	91	-53	-64	74	55	-99	3	-91	-23	-15	-67	-15	-66	-15	-81	36	-91	-51	6	45	-93	-49	69	4	-11	-77	42	-73	-59	70	-27	-18	0	-26	47	-72	19	36	66	86	65	56	8	-71	21	-13	51	-19	52	14	-69	-91	-12	-81	21	-56	-35	97	-97	-11	-61	-19	-59	-68	
35	-15	21	49	-35	-12	-2	98	36	80	-15	-51	-20	-92	60	-44	96	4	18	51	36	-65	87	75	10	8	51	-57	-34	-4	-63	94	11	-28	56	-87	98	82	16	12	-17	-56	-32	-44	-16	64	0	-42	-14	-94	6	-15	86	94	-59	-82	-27	96	56	-29	41	-55	8	-6	-24	-45	-33	-86	-9	-75	39	-96	99	-29	-86	32	-55	-21	41	38	79	47	-95	85	-18	73	-69	-75	-15	28	14	-32	-1	-86	-85	60	60	82	45	-60	-79	-21	8	20	53	-80	-62	90	-70	-9	4	-25	81	-72	-26	90	-22	-5	13	-57	26	-86	-2	-55	56	84	86	77	
20	-94	-86	-3	-52	39	-86	-36	-38	-53	-3	16	25	-72	-14	79	51	33	14	-46	97	84	-85	0	46	15	-65	61	37	55	-35	38	-12	-24	-61	-92	-59	46	0	20	-3	-48	24	11	-95	-16	53	69	-79	-91	68	-50	-16	-25	94	67	-37	18	29	-26	96	7	-50	66	74	21	44	-23	-20	-81	-97	64	-68	0	11	74	70	-60	-62	-1	-35	-79	-45	44	2	-32	-78	-39	78	44	66	-1	4	-60	88	3	-35	7	-89	98	-81	47	-78	-58	-78	-98	77	-85	12	-48	11	-76	38	31	-39	74	-64	84	-60	-51	1	-87	-52	60	21	-17	64	-83	
-81	-33	-48	93	-82	-60	24	33	-65	56	-44	86	-81	-50	49	-52	-51	-3	-98	-17	78	22	92	32	-27	31	61	-89	21	88	76	53	-79	31	-57	9	29	-90	91	-83	-15	-94	84	19	26	-80	-52	33	94	12	65	39	57	-69	-56	-70	-71	0	99	12	83	31	31	71	30	81	-57	-94	53	-14	-20	34	-49	-98	-58	78	7	-80	74	-20	87	-56	-73	-10	-66	-88	-12	77	9	14	-89	12	-1	-91	96	36	-64	79	43	16	-17	47	-27	-95	3	-59	53	-93	15	34	96	94	15	-50	-66	71	-23	-65	-94	42	21	-42	72	80	72	51	90	34	
-71	68	55	-73	-58	-32	-2	2	-27	49	31	-90	48	-25	39	-48	-95	-99	-55	32	-66	-70	-90	43	-20	68	26	-7	-52	17	95	53	81	-45	-81	-54	-42	68	0	-54	56	-75	86	-61	-71	82	43	-10	44	-64	-85	-26	-98	-65	6	22	-46	-49	-85	-23	40	75	44	11	-93	-67	50	58	39	-99	-47	13	-24	26	77	17	6	-53	-30	91	-44	54	-3	96	88	93	-73	80	-20	6	-59	67	-69	68	88	75	70	32	-41	20	79	20	71	-50	59	41	-85	-36	-32	5	-68	-6	-9	15	-70	36	1	2	10	17	-14	40	71	5	-37	76	-43	-95	
24	-7	-51	-96	-53	25	-55	84	5	-20	6	31	-40	1	-94	87	11	-65	43	-67	-12	11	39	-89	72	-24	39	26	15	-14	27	81	0	53	-60	-91	-69	-43	-50	-56	-94	57	87	64	-62	17	-83	-80	-96	-79	58	80	-25	87	8	-2	75	39	42	-22	85	45	-89	5	-12	-94	-7	50	50	60	-85	-65	73	79	60	-23	92	19	-47	19	12	-33	91	-5	25	-53	-32	26	-75	-25	-59	-86	69	-85	-81	79	21	65	0	7	-92	-39	-82	-33	-72	46	-59	-35	89	-49	-77	67	45	-64	7	23	35	75	81	75	19	-88	-5	-11	-45	-20	-44	-73	
73	-88	12	84	78	17	-20	-16	18	22	29	-22	-97	0	-82	84	-67	-92	-87	-79	-87	-29	-41	4	-51	-86	-12	10	-55	51	40	-97	59	88	17	-65	-68	16	-92	72	-99	27	19	-72	-52	-63	-59	52	-1	-18	64	-27	81	-41	68	21	23	-30	-90	-20	-78	-39	48	-61	36	-20	66	32	43	25	90	30	-48	-60	-14	33	-68	83	-67	67	75	55	39	-44	-64	-45	69	24	-39	59	-68	98	68	-6	77	-91	64	97	-38	37	-16	61	61	-6	73	-6	-62	-31	90	66	-62	-24	9	34	67	2	-58	20	-53	72	-44	-21	-86	-88	41	96	-17	-33	
45	73	-39	48	44	68	-47	24	22	1	-49	-37	97	-97	5	92	98	16	-93	38	37	35	51	-80	-9	-83	-72	5	-6	87	33	-66	-96	-25	-3	-79	-75	-77	-30	52	40	-53	-60	-37	-61	-33	-55	82	-38	93	76	82	43	81	-69	64	-25	77	-28	7	90	36	-93	49	-30	-25	19	9	70	-88	81	-1	75	96	45	-93	44	33	-51	-25	-29	-40	-9	63	-45	-71	9	-36	-4	87	-36	-85	13	74	5	-99	49	-35	-93	-41	54	68	86	-51	37	91	23	58	0	6	31	-92	48	-94	29	-32	0	-51	6	80	-94	69	1	6	-11	-58	-73	-26	
-29	16	-7	-95	-1	46	49	55	-99	-13	3	-5	36	8	-66	35	6	6	4	73	0	17	-99	-97	0	2	33	21	22	-83	-67	36	-22	-90	-96	-35	-36	49	-76	-37	60	-83	-46	-67	-85	-9	73	29	-91	25	-88	-87	65	63	-35	-22	39	94	10	57	-16	4	15	88	57	46	-25	-73	-23	-84	-36	58	-11	16	-66	-73	44	-75	62	-71	80	69	55	-48	-79	-41	90	47	-4	-79	-90	-8	33	98	50	-19	91	-87	84	29	-71	35	21	19	-47	51	54	23	-94	-34	-43	-26	-95	33	-53	46	-36	42	65	-87	-11	1	-50	-52	46	-41	93	-28	
33	71	27	16	-99	-73	-72	28	2	-49	6	-49	-92	46	9	29	-40	-82	-70	31	-60	-38	-68	16	0	-75	-22	62	18	-4	-88	-23	38	-96	-59	30	-36	52	-86	-28	37	92	84	-26	68	-82	21	84	14	68	-65	93	66	-58	-17	-39	94	-65	-90	-32	79	-66	72	59	36	12	77	54	54	48	3	77	22	79	-39	-23	-79	18	93	42	57	-34	-64	30	-53	42	-17	10	-15	-56	-54	24	-22	40	23	-48	-90	-19	22	-25	-79	-89	88	91	-41	61	80	-84	31	-21	8	-39	-55	56	-11	-57	-50	-42	98	97	-33	39	95	-67	-48	-36	9	-58	
37	-94	49	42	-50	-93	-70	39	-48	17	-2	-25	25	-59	41	-3	36	31	0	-40	10	-98	-23	35	-68	-70	41	-73	-61	-4	53	-32	56	31	-89	7	-5	31	-48	-56	71	-39	-26	82	-96	41	-46	-43	41	-11	99	-81	-81	89	-79	-49	-25	14	-4	-91	-34	-6	58	-87	-76	82	-73	-84	76	87	19	-9	29	0	71	-90	-23	-90	98	-86	-32	54	-84	60	63	20	-36	-31	53	4	-74	-35	43	84	-59	67	42	96	-11	40	-8	-62	90	-14	-77	73	-65	-1	89	-1	-59	-39	-94	81	48	-32	-81	-5	40	20	90	20	-5	-19	-11	95	-40	-77	
-74	92	-31	-31	-71	88	-8	-80	-57	-9	-74	-61	-48	-61	-42	27	48	92	95	-95	-64	-81	48	-74	14	-20	11	78	89	-3	-29	53	1	8	-72	-67	44	-60	-62	-50	17	-69	4	-43	87	-30	29	46	-32	-32	14	-45	52	51	92	43	-24	94	12	79	36	-19	96	-53	24	-36	88	49	-39	60	5	-92	-20	-63	-76	-35	-3	34	24	-79	76	90	97	-10	-43	19	25	79	-2	-29	-88	46	23	42	72	99	88	18	-33	-25	-50	25	-12	-25	-50	-96	-75	-81	75	-97	-48	49	89	-26	-47	99	0	-28	81	78	-12	74	69	-37	-83	44	82	72	
64	46	55	12	21	-72	-46	-38	-29	-45	-71	-94	68	-90	-36	26	-65	-64	69	-80	-18	-45	6	75	-47	-85	-7	25	23	30	-29	64	32	67	58	-91	-3	-44	71	-49	44	37	-71	-30	-29	-57	-20	-5	3	5	24	-89	85	42	5	27	-82	4	-30	51	47	70	35	-72	0	51	-26	-57	29	-73	-46	87	17	86	-78	59	99	-96	-56	76	50	-86	23	-92	94	-39	-66	21	-70	-82	98	25	22	35	42	-40	-42	20	21	69	-78	-59	87	31	-93	5	-7	-92	3	61	42	-37	-79	-53	-23	19	-35	-50	63	-31	-47	99	70	89	-70	-19	-55	0	
18	38	80	95	39	89	-26	-11	60	-33	-2	55	-24	89	-87	17	95	47	-16	94	87	10	-7	91	-33	1	98	-12	-87	-5	-44	80	29	19	21	-53	49	-25	37	-76	45	-10	-86	-22	-28	0	-2	-16	59	-29	0	40	-98	58	-87	-58	-63	-32	94	76	-83	47	9	-69	50	49	85	52	-59	-23	44	-35	53	10	-22	74	-66	95	-37	-44	19	91	38	-92	6	-48	48	62	-51	1	14	35	-49	56	-98	-79	-97	-75	65	38	-83	26	-22	85	-65	50	13	12	67	-54	73	36	3	-11	30	96	-35	97	-14	82	20	63	70	0	-96	-8	-87	-93	
-59	63	53	-3	-33	50	-34	-31	-69	-91	-21	-82	-98	-40	38	80	89	-38	54	34	-45	39	-69	-89	68	82	-77	59	58	-13	-84	45	-89	-67	-29	87	-90	58	0	-2	-29	-10	1	33	21	8	93	-31	-41	82	-4	98	-48	58	-4	69	97	-43	1	-9	28	31	-75	-7	-13	91	12	-16	98	-61	87	-40	14	34	-64	-41	65	-17	87	-13	-67	74	-46	-91	17	50	-88	-93	-78	-22	24	39	-40	-34	81	-80	-3	79	97	-97	-76	-23	42	-70	-49	67	-8	-66	-62	-28	51	48	-15	-56	-3	83	-54	-47	27	-69	-62	-1	-94	-22	72	-4	12	31	
85	-96	93	19	-37	96	35	93	53	71	-67	55	-45	15	-17	-88	-86	90	63	79	27	-18	40	64	58	92	29	-69	-11	-35	-35	82	-60	-52	85	-77	6	-79	58	43	30	-46	87	-38	-52	31	2	-60	-38	38	44	-40	14	1	-14	-42	-84	8	56	-25	-77	99	22	-93	-75	87	99	-74	46	-39	23	9	73	34	-68	93	-68	-76	-7	2	-54	54	-69	-19	-55	80	95	90	11	54	-37	29	44	-96	-27	87	92	-87	-70	82	-69	-8	56	37	-76	2	92	-70	-89	-40	69	50	21	27	47	-20	76	-85	-80	-3	14	-21	89	-95	10	98	-67	-44	
-89	31	33	57	-80	-45	-65	68	6	38	85	25	24	30	-24	79	-98	-54	-14	-45	54	7	91	3	21	-44	78	-57	45	46	61	-86	88	-96	5	48	36	-83	-35	-77	-79	66	43	-11	10	61	-35	35	41	-29	77	9	-37	-41	30	80	-45	-70	-69	29	-91	-54	-90	5	-73	-81	16	16	35	-25	80	79	-3	-66	84	55	37	-58	51	63	50	-79	88	71	-5	93	5	-63	75	36	28	38	-52	-97	12	-81	-58	-32	8	73	55	-50	92	72	-46	-78	-51	92	65	59	-54	-43	5	10	-34	26	-3	1	42	-14	-85	-15	12	91	0	10	95	-67	
-32	-13	66	7	-68	-16	-37	-50	26	-10	-76	72	-5	-32	88	-53	-33	43	-10	-68	-63	-92	-66	-23	12	-35	39	-65	41	49	-53	-6	20	-86	-51	-12	-91	67	-99	54	27	51	52	63	-66	27	66	58	-86	73	-50	4	42	3	13	-4	-50	-11	25	99	-39	-15	63	49	-69	87	60	65	-66	96	77	23	61	-33	-62	81	-11	-63	-73	-76	87	14	58	-2	99	-55	-4	7	-65	3	-76	81	-85	-14	-9	-53	5	95	-98	39	-49	25	-24	-70	76	-69	-61	-92	-99	-9	-48	8	81	68	5	-28	5	11	37	23	58	-17	47	-70	67	10	-41	-20	
-78	53	51	-42	86	38	39	40	-6	-69	-71	56	71	58	37	87	23	51	26	83	50	92	35	87	-95	-99	-48	-61	-75	-85	-3	-80	69	-5	28	-13	10	68	90	91	-15	-56	50	36	41	-42	-97	27	-5	15	-21	-63	85	-81	-90	-65	67	22	-95	-95	83	-85	-11	-99	-44	-1	-98	-2	48	-64	56	48	-55	-92	80	38	28	96	87	-59	-66	-2	-29	0	-39	19	-98	70	90	7	6	86	-73	-78	-82	-48	-2	12	6	-60	-81	93	0	-84	83	13	-89	-28	86	-26	97	68	77	-31	50	34	23	11	95	-66	39	-72	-83	-94	-7	-90	47	56	
96	-13	82	-77	-78	-85	88	56	-35	-7	29	-40	25	45	94	-50	44	-88	14	-88	-58	-18	77	-25	-3	-83	37	-73	-58	-35	23	98	-52	-97	-56	-11	12	12	4	-6	21	-44	68	20	-39	-83	-45	-33	20	-68	21	90	-61	78	-91	-29	-77	-70	43	25	-99	-49	42	98	70	91	-50	28	-88	-81	-43	-92	36	-70	6	67	-56	-53	-3	17	71	16	-95	37	-55	-67	-80	22	27	1	-88	-42	88	-99	-51	-17	-77	-96	82	60	3	87	-87	-4	3	99	77	-92	41	-10	7	67	17	-9	0	89	97	-90	39	-3	-4	-37	48	0	-72	-33	-93	17	
-15	63	0	22	81	-85	-60	-66	-47	50	-37	-88	16	-42	26	73	-41	61	40	-90	-96	-98	20	25	73	-66	-30	-24	-80	-8	29	99	-69	-64	96	-36	-87	53	-51	-27	5	39	52	-86	-82	42	28	86	6	-59	10	46	82	4	29	62	81	74	-16	-69	7	66	-56	-32	-7	16	91	14	14	-59	6	31	74	-72	18	45	8	12	-67	31	-40	-92	63	57	-82	-73	-89	28	-14	-10	98	-9	18	23	69	-12	55	-46	16	-47	72	90	-77	29	23	75	-46	-79	61	53	-10	45	23	35	-46	-93	7	32	54	80	-4	-2	96	-18	40	-41	-89	-19	
-29	55	-93	-46	-84	-89	-43	19	82	-1	58	88	94	-1	67	0	-79	-24	-56	-25	0	30	88	-46	74	1	70	-84	71	-52	10	-91	61	66	37	62	-10	-36	-98	-73	-33	57	67	-71	-31	33	-81	-87	-91	-63	49	69	22	-14	91	-44	-65	-31	-47	-75	-30	76	32	5	69	55	-46	-34	-33	-92	87	0	91	-89	-85	-21	24	-79	60	-83	-6	-5	14	77	88	23	6	84	6	40	41	11	58	-25	-28	-4	98	-90	49	11	-89	16	-9	45	25	-10	-98	-83	-65	30	68	-31	44	30	41	-34	79	-77	-55	7	-11	99	92	69	-43	-2	87	82	
6	81	10	-81	70	-30	-85	59	-60	-10	-93	61	84	5	48	-6	4	58	55	5	2	-3	-77	89	21	-41	-35	55	-17	94	0	-76	-40	71	-25	-25	-16	20	91	-31	-60	-82	-27	-19	-50	-14	-67	59	-28	59	-11	33	12	20	14	19	-28	75	-92	-3	60	49	-11	39	-42	45	-34	-80	36	-54	56	-29	-79	43	51	18	16	-91	-79	19	-80	-75	47	12	-60	85	44	57	23	-47	0	-90	36	48	-15	88	36	13	23	70	-96	-4	-75	-15	-15	77	79	35	0	82	56	-62	38	80	-4	-49	62	92	-19	-88	22	-1	84	-69	-25	99	27	77	
88	-79	-12	-45	85	64	-97	-91	21	74	34	89	-99	-92	53	44	79	37	-55	-17	24	97	37	-45	86	-67	-67	-79	48	45	92	94	-64	14	-66	-11	17	64	2	-17	81	-8	93	-14	62	-95	0	-26	-74	-87	24	-83	12	-49	-8	2	-55	37	-1	43	-15	-21	32	-84	-92	-99	-75	10	81	53	30	31	-69	-38	24	-37	-24	-12	-58	-63	-72	18	96	86	92	-18	46	12	-22	-89	-84	-42	-37	16	3	97	45	27	48	22	57	67	94	-71	-34	-67	39	-78	-64	23	-78	46	87	-17	91	-29	-32	3	-80	-95	-39	-84	-72	-54	60	-7	49	-14	
83	-24	70	74	54	-82	56	0	-92	-25	50	-4	8	1	68	97	-98	-77	27	75	81	19	39	32	7	47	88	-20	14	-9	-88	-86	28	-58	-15	-93	95	-85	36	-69	-78	-53	71	18	98	-20	-33	-24	21	-74	21	-36	84	3	-42	-17	-93	-38	-48	-2	-35	85	32	35	96	42	-80	86	52	-90	65	-67	81	75	66	80	51	74	78	88	-22	44	-13	72	-23	11	-21	-51	-36	-36	-55	-55	-85	93	-91	-90	64	21	69	94	-7	-86	36	-34	-68	74	-90	82	12	91	9	-69	-20	-55	-35	-87	8	-74	14	-17	83	-58	-25	53	-19	93	-30	-7	
-57	-44	64	-39	8	17	-26	-9	29	88	11	96	90	-16	56	22	37	-9	-50	26	14	-86	81	2	-15	-70	-84	-13	60	-46	-4	-33	-39	0	-91	53	74	97	-86	70	-42	-32	11	4	-79	91	-75	-81	66	8	8	-66	-4	41	-68	-44	-56	41	26	42	0	92	-9	-41	-55	89	-15	-49	24	-63	7	6	36	-35	97	71	15	-24	37	4	-19	60	-2	-7	-5	-22	-29	27	-80	31	-92	26	-18	83	-67	0	34	-74	75	-14	-55	-92	68	-2	34	-77	88	-37	-53	13	-12	-12	-79	-86	-71	-34	-40	10	-49	9	98	-13	-42	-44	27	21	75	-90	
-71	-60	-33	72	-24	-34	-47	61	35	83	81	-25	-36	0	-31	-18	22	48	-25	-81	55	-28	63	-51	-68	-28	17	10	-4	17	-4	42	-67	-34	15	-98	-83	-28	68	-49	69	-90	34	-91	11	-26	-49	-47	62	64	97	-3	41	30	62	50	-8	69	41	33	22	25	-31	-91	53	-27	70	-34	62	73	96	60	-16	0	43	66	49	-40	63	78	-90	71	-89	25	-75	80	26	-28	-75	-3	-18	35	61	99	-10	-46	36	61	-27	-80	89	26	-6	9	-87	51	-86	-72	13	77	1	75	44	-18	27	-30	-64	-83	-63	-3	-9	7	92	95	-54	-32	99	-49	
-96	-72	-19	92	-11	-5	-68	28	14	-25	-70	-15	49	-84	-6	48	-6	27	75	-60	47	-64	-25	97	-83	49	-99	-81	-63	48	4	-24	21	-87	75	-86	-64	90	-98	84	14	86	-49	-61	-38	-85	-63	-4	65	-33	90	-63	74	-99	93	-54	-68	73	12	-85	-1	-92	-32	-48	91	90	5	91	-59	-51	25	64	-2	-14	77	-17	22	-94	-10	4	28	35	0	64	69	-68	-25	40	-22	93	-58	-81	24	-86	70	-87	-90	-83	53	-54	-14	68	-6	70	-19	32	-78	-57	41	88	-38	-61	-50	71	95	-77	-99	53	-58	86	92	-54	85	-25	59	90	41	-78	
52	47	30	9	75	86	91	63	96	5	-85	-11	96	93	57	81	76	-56	-58	87	-33	-18	51	7	-3	-32	47	32	97	-84	-53	63	47	88	89	-90	-53	-98	42	55	74	85	35	-16	-46	90	18	33	76	-74	0	-92	77	10	0	-16	9	-47	70	-80	-16	-68	75	-56	-74	-22	-99	-80	9	-95	13	-36	-64	-71	99	2	-22	6	-75	53	44	28	-94	71	-55	-17	-81	43	-90	31	-65	61	8	-89	-33	37	22	-25	-78	71	67	-54	95	98	63	-30	67	-72	62	64	7	25	-71	97	98	34	-14	18	-37	-98	-49	33	24	-97	70	34	66	59	
-61	38	81	77	13	56	-63	-55	-87	33	-97	1	95	-97	-46	3	-16	-71	-71	-97	-47	-39	12	74	-35	14	-42	-52	3	-4	57	-61	-5	-76	32	13	-79	-41	-51	95	-76	-72	-78	60	-26	83	76	9	29	-10	63	-93	31	86	-3	22	-44	-1	-22	-55	78	-84	88	40	-83	-31	29	-40	12	43	13	98	11	-35	-65	-86	-33	2	-68	43	-44	49	3	86	72	82	-47	-98	36	96	76	97	-5	35	-42	76	4	-64	-71	75	-84	81	42	-93	-65	32	77	-54	81	-60	-19	-15	18	84	34	-84	21	-53	-97	-46	-40	55	60	4	-51	-17	-4	-46	
-68	-63	-94	24	65	-31	-75	-28	8	-37	45	-10	9	-70	64	-40	-51	38	-4	13	-39	-84	-22	34	-48	51	65	93	93	93	84	-93	89	33	-45	-63	43	2	11	0	-61	-56	65	-53	-17	19	-84	41	47	-19	-73	-80	85	-34	-72	8	-38	-11	70	14	-15	92	-50	-77	-61	-42	34	55	58	-67	75	-15	-44	-70	-95	5	22	62	35	-23	39	35	-40	-92	-31	-80	87	24	-26	49	-83	84	4	30	90	-88	71	3	-17	-62	-8	10	42	-83	-33	-93	-39	74	-77	86	-10	49	1	-44	-53	70	53	60	16	19	-28	18	-42	14	-48	-39	-79	-91	
-45	-3	46	11	-54	-50	19	24	-34	-18	-86	-48	37	-97	-79	0	28	23	77	30	63	-6	-2	-82	-24	-65	37	0	52	94	-38	-56	-50	45	-71	-62	-9	16	-50	-52	3	-88	82	-18	-38	-17	-10	-47	-58	39	-20	15	22	45	86	99	-18	-81	81	86	15	0	29	38	91	-20	31	-45	-23	79	-43	50	70	13	34	75	55	-78	-26	76	-98	33	88	35	-25	72	-45	34	-57	19	-99	-96	-73	95	95	20	-23	74	-89	-74	-28	87	-72	41	-22	24	-10	32	47	-34	-50	87	12	37	23	-68	62	-77	-29	68	-34	-77	17	-79	36	-58	72	-11	
-58	-90	-12	-86	17	12	-38	-2	25	-21	-40	-58	-18	-66	-65	78	-26	-57	30	-64	11	99	9	-25	-85	80	-47	54	-10	59	50	99	-10	-67	-52	92	13	-64	97	-61	36	59	36	-4	38	-22	4	-17	29	59	73	-96	-47	-12	2	-30	19	77	59	53	44	-37	48	-15	-96	11	-29	-7	20	-24	-97	-64	48	23	-22	-56	4	-19	-52	-34	-60	69	-58	-18	-48	5	49	13	-63	8	-16	-56	61	-77	61	66	-61	62	-64	-50	27	-61	-76	77	14	77	1	-3	-60	80	44	94	-83	77	93	-64	34	-48	4	-54	62	1	68	-77	-89	1	5	-91	
-55	-91	47	68	-85	47	93	59	36	-70	-18	36	58	93	-84	-55	-56	40	54	40	29	80	93	30	52	-38	-1	82	64	-74	15	92	79	78	-46	28	-57	-50	0	-32	-86	75	96	-98	-36	61	57	-74	-90	-26	-70	64	-63	30	-99	67	-32	-24	-3	41	-46	42	-59	-44	-20	-38	-24	22	-69	-2	-14	-6	-16	-78	5	63	-77	59	26	91	73	89	84	37	15	73	13	-31	-14	54	33	26	27	-52	92	53	-24	-15	-58	61	95	59	-70	-43	52	-59	-18	-49	75	-4	96	-85	-3	81	-56	-91	-81	-65	-40	40	-9	31	-90	77	33	33	42	-1	
-23	-11	-29	-36	4	66	13	-90	11	53	53	-66	-16	19	-23	-57	-7	-30	-75	98	19	-28	-24	6	-91	-88	-95	82	10	22	74	84	-4	69	33	-10	84	-85	9	47	55	-97	-46	-14	-33	94	-72	-40	96	7	29	82	60	-74	62	-23	-13	20	-52	-67	27	45	-95	-27	-99	-73	55	-94	-26	90	45	-59	37	-17	18	80	50	-96	63	38	61	-43	71	88	-9	86	95	13	29	79	20	-44	-84	-16	-67	-15	-70	48	0	38	19	16	-26	52	65	54	-90	-7	-90	78	82	-37	-56	-45	-27	-17	-65	13	20	99	48	-22	52	-17	57	-52	41	44	
-79	-5	-78	53	-60	-38	32	-69	43	23	-25	-41	87	-22	87	-29	-61	73	-61	38	-92	-6	18	9	-19	-60	24	78	99	-96	20	4	12	24	-55	-98	-90	-28	32	21	21	99	39	-61	30	-28	-34	-35	14	75	-25	-21	-30	-28	-39	69	-35	-10	98	-16	-32	83	-29	69	34	16	-71	79	-40	68	10	44	58	-24	-78	88	89	-82	94	-13	96	91	19	21	31	91	78	-42	-42	96	11	-84	-60	-70	17	-38	-16	-33	-53	-47	-95	-81	78	-66	94	45	52	-57	47	23	14	-35	-43	-18	-75	-36	60	0	93	63	-34	-44	90	54	80	-58	91	-28	
62	35	17	63	-89	-68	83	21	91	7	18	-71	43	-48	-23	20	75	-78	79	-22	-57	-54	73	-13	-44	-98	86	64	-50	15	88	-62	-95	-8	-34	98	-24	36	31	14	-22	-41	33	89	-69	9	91	-25	-64	-64	-68	41	66	42	-31	76	72	13	-74	41	-58	5	-21	40	-68	87	19	82	-10	87	37	46	85	15	-65	7	-58	77	94	69	-73	-4	-37	-30	14	93	-84	13	-51	81	-88	-96	52	-29	-94	-13	59	-12	-7	-48	-63	-77	-34	21	-22	-6	94	-8	-80	45	-40	95	80	48	-54	65	90	-69	37	-62	-45	-22	75	-38	73	31	-46	-65	
37	17	13	-61	-30	80	-73	27	-15	-11	85	-98	37	23	-59	13	-53	40	17	23	36	15	-50	32	96	7	-97	-91	39	69	-55	0	-16	-80	98	-33	-10	-47	-95	77	27	-25	-95	-62	35	37	17	-4	-82	-20	91	66	6	66	97	44	32	53	-90	14	51	68	-93	7	60	7	84	-57	38	-95	-18	13	-13	30	-86	-33	52	63	-30	-20	1	46	52	-80	30	-30	67	3	-14	-40	82	-94	79	31	79	-51	82	-18	-4	-81	77	35	-7	30	-24	77	-96	45	29	36	32	41	37	53	-61	76	46	88	-53	-30	92	-89	-79	67	63	-22	91	-63	
-75	-21	51	31	64	-54	-89	-48	43	74	-75	36	-97	-87	-73	-20	-18	89	-43	-70	-92	26	-12	-15	-15	-83	84	81	-29	-22	-22	3	-36	-14	16	-40	-13	-42	44	86	51	1	40	69	55	-23	-37	-23	22	58	-26	-99	16	-70	-51	-23	-29	42	11	90	6	49	-44	-21	13	-57	29	84	-50	9	-66	8	-9	-16	-13	91	-23	18	-64	-38	71	22	-4	98	-64	-8	-44	77	70	78	51	-6	62	-46	-17	-8	-79	-41	-40	-43	52	-38	72	-54	-60	78	-53	90	-61	-94	-20	19	-37	39	-52	-34	-86	-5	40	0	-91	-64	-15	-12	-90	-7	-12	65	
86	79	87	99	-37	83	-63	-78	-14	3	48	-58	77	4	43	43	-26	-72	-35	-91	76	-2	-63	50	26	-59	24	16	-86	43	-93	-10	60	38	7	71	56	79	-57	49	-87	-61	29	65	-1	48	-98	-15	45	-57	34	40	54	-62	1	47	71	-5	-38	-71	83	87	-82	92	7	84	-30	84	47	49	-62	-42	9	-38	-69	-40	33	86	-81	-99	79	-33	-11	-47	-69	11	96	-17	-52	-58	-70	30	-77	-75	-98	-2	9	-92	5	-82	-39	10	99	-45	87	30	-53	-65	-29	44	-18	9	82	51	92	18	-31	71	-55	39	20	52	81	-56	-61	42	99	10	
53	72	-99	-29	-70	-13	-68	-73	73	14	-99	-69	74	44	-63	-6	16	65	-73	-97	46	74	15	55	76	96	91	-88	-29	-91	-86	-64	29	-21	76	-98	-82	41	71	-86	-18	-23	52	80	43	-29	21	-36	-22	-53	77	77	-76	8	67	-47	81	52	-34	-18	55	60	-40	27	-6	17	-88	-46	65	-63	2	70	-34	-21	6	-98	-87	91	-59	46	-55	53	10	59	-58	-8	-37	48	5	92	-60	77	-53	-79	91	-29	-41	-93	-38	-79	78	-9	70	39	78	-90	-74	38	40	39	-94	-81	-7	92	78	41	-63	73	-11	12	-96	-28	-74	97	-35	50	-60	21	
58	64	-89	-94	60	-89	83	61	7	-1	-59	-1	90	80	35	-70	19	-83	45	12	0	29	54	67	-36	-47	-23	94	-4	16	28	85	-26	59	1	80	-76	-37	-53	43	76	37	-43	65	58	-39	-72	-89	-49	-73	-71	52	16	29	97	10	-20	25	-84	-63	-23	-85	-30	98	-75	-30	-78	-98	75	-67	4	-97	-29	40	12	-60	57	84	-71	-71	6	-97	87	-82	74	38	79	-55	62	-26	-50	14	-83	-51	-33	5	-75	-76	-49	80	-8	54	-57	99	57	-98	-63	-71	-63	-5	-96	87	64	37	74	-88	87	73	-5	-68	-50	74	-31	-12	20	42	31	92	
-45	12	-51	5	-43	-88	-54	-63	75	-70	-87	-52	-3	-29	75	-81	55	43	-45	98	-30	89	-94	93	94	27	1	-41	-25	90	96	25	68	-58	-21	-55	-94	41	-53	10	-54	80	-17	60	-44	-96	26	-44	-42	-12	11	68	16	46	99	68	-95	-9	22	59	75	11	81	0	-10	39	32	-30	20	-69	38	25	-89	-49	59	31	-68	88	-50	-25	-1	85	76	-33	-96	-20	-95	-71	84	-96	34	-79	74	-4	8	88	97	94	40	22	-33	-75	40	64	72	-69	-40	-12	-19	42	-49	88	-3	-72	-13	-37	-37	78	63	54	4	-45	-75	63	78	-22	88	27	
45	39	-94	57	-93	-12	31	48	42	-83	-3	-65	56	-62	2	-87	40	-59	-59	-69	-56	13	49	74	-6	-61	-8	-44	-66	-12	-47	68	31	-74	0	-95	-77	-48	-73	22	84	41	62	-13	-95	-48	78	34	0	-51	-3	13	58	59	35	-63	-17	69	-94	59	8	-36	-28	99	30	85	-1	-66	-59	95	-59	-19	-67	55	-22	6	-26	-21	12	-87	28	28	-71	93	72	-30	3	-8	-41	87	-82	-98	-36	15	-97	95	79	6	-70	-86	-45	-74	69	-71	-51	77	-4	42	0	94	63	22	-65	46	-32	29	0	26	39	-83	-59	-23	88	-57	26	-37	92	33	
92	-44	-63	54	-78	36	33	-11	-31	-8	4	-64	-68	72	65	70	88	34	-89	66	-24	88	73	1	-85	81	79	-72	-99	13	54	-74	-2	46	-52	-62	-19	-33	53	53	-49	-80	-32	80	1	48	81	1	35	-27	64	64	-44	79	37	-88	19	66	25	-87	44	37	62	-13	-38	-38	-85	37	56	79	2	31	-40	-29	-49	96	-3	-75	-25	68	-84	18	12	99	-24	-14	-49	-4	48	8	-49	-46	42	22	-61	83	48	67	-8	34	-48	63	98	-87	0	47	-4	-58	-67	66	23	78	54	-84	-63	47	71	61	-82	68	48	-88	-13	50	-79	-14	-69	25	
-90	38	80	69	0	73	82	-18	-60	-86	5	-7	5	86	65	50	-73	-61	-26	-9	-12	-61	75	-77	38	14	52	-79	94	37	28	-15	-28	-60	6	-32	-4	64	25	19	9	10	6	-71	-6	12	48	-41	55	82	-74	-83	60	-10	93	-53	-67	15	5	-78	-99	99	-17	-27	45	37	-28	-50	-19	-26	-45	-66	-96	38	-73	-65	-58	24	8	51	-65	25	60	81	-39	-44	-92	-97	96	41	55	46	-23	-92	73	-89	-83	83	93	-22	-25	17	-81	57	-5	-99	57	77	67	-17	-64	83	-25	-90	-83	-51	-83	-29	-38	93	-89	-7	-41	-31	-5	5	-59	-16	
-6	-2	22	2	-25	69	22	58	59	10	1	-61	-42	27	6	85	53	-7	45	-33	45	-34	-70	31	10	82	-35	22	14	30	97	-38	6	78	-58	-74	-19	24	4	-70	49	-30	-1	13	5	-88	-14	-53	23	-24	-47	-38	-58	-55	-21	-81	31	-58	67	-99	-70	-75	-66	-57	63	24	-31	29	28	55	-63	-76	-99	-30	62	-91	-69	-69	-50	30	-59	-28	-20	-83	-95	-1	27	-56	-16	-97	-19	62	10	-29	9	-25	-13	62	64	33	-36	69	16	-41	-63	-14	-82	-23	-12	52	-11	-94	-84	-61	-2	-59	-33	53	-53	-37	37	50	-31	12	-78	-69	46	-70	
-71	82	78	15	-69	-16	67	-94	8	-75	23	87	-56	-95	-23	85	50	-24	-61	-96	-12	9	70	-35	0	70	-2	-29	-18	-13	-42	-41	17	-25	9	-13	-37	53	77	-86	-52	-53	-66	65	-59	79	-80	98	89	80	48	25	-67	-45	71	74	-39	-30	14	43	-29	79	46	58	-56	-38	35	-93	-46	51	69	93	57	-67	-22	97	-84	-12	-9	17	-65	-21	23	7	-5	87	-87	88	55	21	-65	32	-99	-31	-18	26	56	-36	66	-1	-5	-51	20	41	-46	8	-33	-12	88	92	-95	-94	-70	-84	77	-60	26	-27	-2	-26	-31	-63	27	48	-22	-26	11	22	
-3	69	-95	15	-45	-20	-15	0	-80	62	-91	-27	54	84	-26	-98	-64	63	-2	33	25	-99	-51	38	-16	43	-14	-73	75	-86	-15	32	4	-91	-77	-58	29	-94	-9	15	-36	-33	-80	-19	16	58	-41	-15	-89	-8	-34	73	24	47	-52	-11	-21	91	-54	-9	67	-6	13	-10	79	73	-37	28	13	47	-37	-6	54	-16	59	-83	97	-90	62	65	-72	6	-84	23	-13	-67	80	-65	74	46	6	63	70	-66	6	-25	69	92	69	-2	37	37	-94	-55	83	53	-83	97	22	-38	94	11	99	-68	-70	55	-40	-28	46	3	-36	70	25	25	82	-79	-30	43	
45	2	82	-26	-1	8	89	-28	-20	97	-22	-96	41	-85	-18	53	40	-83	16	96	-16	68	-68	-83	51	37	7	29	-60	-73	-43	94	86	-57	38	-72	-9	12	41	-69	-80	-17	-43	-89	-13	-82	-92	-91	-57	-33	5	-54	-97	-96	66	-34	28	86	2	27	-41	-23	-90	-64	18	48	-54	-89	21	46	7	85	-84	-58	-51	53	-48	-31	46	-90	-97	87	41	-7	-18	1	-87	60	62	-62	57	59	-96	-47	-89	-7	-76	90	27	-83	-3	-23	-75	14	-7	-3	-43	73	-56	-34	10	84	-39	8	-76	65	-80	22	-76	97	-16	99	-15	3	97	21	-30	46	
84	-40	51	44	-98	-91	-6	-10	40	33	-86	79	-73	42	58	77	48	59	27	34	21	51	65	-1	75	65	-71	48	-97	4	31	54	-3	-30	17	7	-94	-70	-76	70	7	-16	-32	79	-54	-88	17	-17	-9	-2	17	21	-24	-23	64	55	29	5	87	42	-21	-31	77	-63	1	-17	-79	81	82	-7	-50	21	37	-92	-16	69	69	-79	-54	37	-60	77	-44	98	19	-77	71	-53	-30	-84	84	35	-6	-4	57	19	-47	60	-11	-22	-15	-52	-51	94	-56	-79	-83	-98	-28	54	-95	-54	-74	89	-24	68	-16	25	78	0	49	27	93	75	79	-11	55	-20	
84	-67	73	0	8	-8	-97	-73	-39	-31	-77	-58	88	82	-86	-25	11	31	80	-78	60	27	-47	8	4	23	98	-89	50	81	25	-11	-52	-77	-77	-73	-95	-47	4	-33	99	41	-90	87	-5	-82	79	70	-40	16	56	59	93	97	66	57	-40	-62	84	23	22	23	51	33	45	12	-42	4	-31	84	33	63	95	55	79	72	36	2	40	-82	40	-39	-19	-69	98	99	-50	56	92	76	-42	76	-95	-70	70	-26	52	93	-13	73	-20	-94	-39	68	-66	-58	-97	-91	-16	-32	-19	97	-80	94	56	-5	43	-51	54	-69	67	-32	-13	-9	38	68	56	-28	
-59	-81	-93	-48	90	-23	-22	-16	-72	6	24	-19	-61	71	5	57	-25	-37	77	7	-37	15	74	-1	-83	-84	75	-22	-43	57	-97	18	53	-41	-92	1	-30	41	-51	-3	2	-94	43	-18	-63	-87	90	35	12	29	-29	-86	98	17	-74	-36	-60	58	47	-89	53	23	-34	43	-39	4	-55	81	-22	-7	70	-28	25	33	16	87	-4	-68	73	-37	36	33	-84	0	64	58	-2	-65	77	53	-26	-66	55	-20	-98	-92	-3	81	-44	97	41	-44	46	24	64	-69	69	-24	22	56	7	-11	79	50	75	-32	-59	12	-42	-32	65	49	41	63	-70	88	-21	-40	
-45	-75	-41	-88	40	-9	-89	41	-95	-42	67	-4	-77	-19	44	2	-53	61	-90	-99	3	-17	-3	-47	52	87	47	-61	35	-75	92	-73	59	45	-37	-32	57	-84	-59	59	-25	-34	-41	-1	-77	60	-5	71	-21	-66	-65	-2	-51	-35	-22	-25	-44	24	56	17	-53	58	-16	76	-98	47	45	-90	87	-59	-71	62	-48	-4	16	41	-3	32	-82	-8	55	0	-56	-48	67	-58	-96	-5	62	-1	-86	0	-46	-9	-93	-13	25	0	-3	-30	-8	-60	12	-52	30	-5	48	-6	-41	-75	-38	86	-1	-97	39	78	-19	55	55	58	61	53	-24	7	-80	-56	-22	85	
33	-83	14	-71	-51	-65	85	-95	42	-59	13	84	-53	-15	-34	3	35	-91	0	-84	40	-62	-29	24	-11	-90	-7	-69	-66	-88	-88	-72	35	26	-78	-91	-15	-48	16	16	-61	-51	-32	-80	60	-54	-17	-72	-42	-39	12	-42	89	24	-68	32	98	-1	59	84	54	19	-17	75	94	83	-2	39	21	48	-56	-70	19	-41	4	1	-64	-34	-16	93	81	22	7	-26	-76	-69	58	39	-62	-7	-57	-81	-80	8	30	12	-82	98	-47	69	-50	-8	29	37	-79	-62	56	-62	-63	37	76	-8	-35	-52	82	-10	-12	92	17	-85	77	36	94	-22	73	55	-61	-12	
-22	83	85	89	-63	-43	-15	80	-79	78	-71	35	60	46	-55	21	-22	-34	-97	-9	-10	92	-32	70	93	-89	-1	61	-67	-86	-18	4	-12	-53	-66	-74	19	54	-43	-67	-77	53	-36	-92	26	82	-87	38	29	13	-9	-24	-7	-84	58	-39	-63	67	10	55	-90	34	-28	81	-67	-5	86	9	63	96	48	61	-79	62	-92	-78	-60	-16	36	98	95	-84	88	75	90	-28	-58	53	70	-31	89	49	22	-90	-14	14	-47	43	47	42	-94	79	-60	94	51	49	-35	42	-67	19	24	95	-35	-10	-61	-71	-75	61	86	-70	-81	-83	22	-77	-10	-23	-34	62	
-9	-4	77	-26	30	-39	-95	-10	34	-48	19	46	-25	19	40	81	54	20	-64	-87	-38	67	40	-13	71	-83	90	23	-3	-27	-76	-93	45	65	-64	-60	82	87	-56	49	-13	73	-66	70	91	13	57	-1	-72	-16	-70	-90	7	27	29	-47	-13	49	-69	-49	-69	31	-21	-81	50	-34	29	-76	-54	-4	85	-30	-23	-30	52	4	45	0	-19	65	35	41	-76	5	26	19	12	-13	29	80	26	-55	24	-91	-93	65	7	-98	77	19	-65	66	39	17	-75	2	87	73	-69	-59	72	-95	84	68	49	-16	-29	-43	61	-89	-63	-90	53	-65	32	-37	-50	-88	
-78	47	99	-93	-45	-49	-1	-99	82	-66	-8	-10	57	49	32	-45	-50	41	-7	-30	74	-14	69	-44	54	92	-95	-55	-54	-63	-98	0	4	49	31	15	10	-85	-95	88	-93	-16	-34	-44	80	-78	-19	78	-23	-86	59	-12	34	6	-79	-83	26	-64	-75	-1	67	-86	10	61	97	-92	-52	82	-53	20	34	-9	-7	-21	-34	-90	5	40	-46	53	53	-55	-1	-97	78	91	25	-73	-79	66	72	-67	-86	-45	-14	79	-47	-29	-76	7	-48	20	3	-9	92	-48	84	-94	-75	54	94	-61	-24	-42	21	7	0	98	73	38	-86	33	-53	93	-24	-70	37	12	
26	62	8	-72	-49	-16	-29	43	-92	90	-8	-26	36	55	32	-35	26	9	70	47	3	-45	-21	52	-69	11	78	-66	86	40	40	29	28	-58	72	-22	73	-60	-60	60	7	10	-60	4	-49	-66	23	13	86	1	28	87	95	48	-64	88	-79	60	-79	-38	-12	70	4	-38	-6	1	-19	-88	-40	-21	44	27	12	67	56	-71	-62	-56	-77	-8	-90	-19	2	-76	-96	-98	11	68	17	66	-40	-93	32	20	48	-45	-91	0	28	-40	-27	-16	-68	66	-19	-62	74	-66	9	20	68	47	-86	-8	-77	-90	-91	46	-43	-48	-49	26	69	-34	-84	-39	75	15	
39	-27	24	24	-28	26	-87	-85	-36	63	61	88	7	49	-18	48	-39	25	97	78	-72	48	-30	-99	-50	76	-64	8	95	-6	73	-23	35	-28	-50	-10	-63	33	-44	-12	-47	9	56	34	78	17	0	68	-90	-19	6	15	-92	-15	33	-35	-19	43	18	-78	-70	-52	-37	57	20	-71	-10	-48	87	-91	-46	52	74	-92	-24	89	70	17	65	38	-4	-63	96	69	-78	-55	38	-41	54	5	-8	-26	39	-38	-70	-41	-38	93	-20	-22	-74	-27	-89	-76	6	-75	79	-96	-48	26	15	97	-76	-44	56	-98	49	-94	98	-34	4	-22	-14	54	57	-86	0	-81	
-30	-76	45	-17	52	-84	34	58	-80	75	51	-14	-14	84	87	95	-91	-56	99	34	88	6	-90	-66	97	-69	74	8	-35	8	9	44	-27	-41	-73	-34	-47	89	8	59	48	-5	64	-15	9	75	79	-24	72	89	93	-11	-67	29	55	85	-70	-30	8	86	73	-40	-85	62	30	54	-78	68	66	-25	-90	-29	52	-99	9	-82	-99	-38	-39	41	56	-96	-61	-84	18	-54	23	73	-95	-40	-57	-90	-96	44	32	-8	33	-79	73	26	-76	52	16	78	-49	-71	92	67	93	80	49	-18	46	80	12	-63	91	91	92	74	40	-99	-58	77	-30	81	99	65	
48	-16	8	-52	98	-11	-16	-83	83	-45	-53	45	-84	66	77	28	33	89	28	93	88	69	43	-65	-88	20	-85	77	96	-5	31	-3	82	5	38	90	8	84	12	-81	-64	94	72	-70	70	46	-13	65	47	58	-74	-12	-60	-85	-50	-77	20	-15	98	-65	65	-70	65	-25	-58	-98	-36	-66	63	21	-70	-79	-25	87	-83	-91	15	30	-49	45	96	-92	-10	81	-14	-38	4	78	15	-4	69	3	9	-70	93	17	63	74	72	-46	-61	74	-5	-98	-74	70	97	-32	-59	-16	-70	46	-47	58	-79	-9	40	9	40	-17	61	-9	-13	-69	96	-80	-71	3	
2	90	-17	25	-35	6	93	-93	63	-17	-49	4	-23	16	15	66	-33	-51	-56	-60	-63	-71	42	15	-20	85	22	18	-77	-92	-58	10	15	93	89	-67	24	-61	-56	-23	-12	-49	1	-31	-54	-71	34	55	-46	77	-6	-40	83	96	81	67	-31	-79	-36	-62	86	6	70	-74	13	4	-48	49	97	-75	-68	23	-63	83	-64	93	35	-76	-64	74	-6	-97	-74	89	-44	-1	-11	-64	78	77	-49	46	-21	91	76	-14	96	-88	-62	-46	94	22	-24	-83	-38	49	30	72	21	-40	33	84	70	-51	55	42	97	59	-3	27	3	29	76	-41	69	0	-88	31	
-9	-43	-84	66	51	-54	19	-48	14	12	30	93	34	53	-29	86	71	55	67	-88	-50	-77	79	-96	-54	-37	-13	-88	75	-75	30	43	94	-60	-24	32	94	49	34	-19	-58	77	86	23	-58	-18	63	-93	64	72	-5	16	66	-25	-14	-93	-1	48	87	53	74	86	84	99	37	-90	-28	-94	75	98	15	-14	-13	-56	85	98	-32	-1	-19	-17	24	-3	65	-50	-68	82	-92	52	-10	10	-21	59	-48	21	64	-76	46	-92	-28	-4	-43	31	34	-44	-43	-44	66	-69	67	34	-30	-72	-93	40	59	-21	-83	-41	88	66	-44	0	17	-29	64	-68	-77	-75	
8	95	-64	-73	-20	-18	-52	-96	-47	-10	69	-53	54	80	65	5	-75	45	-68	39	37	53	46	89	97	61	-39	53	87	-29	-93	-30	87	59	97	-48	-60	-79	-3	3	20	72	31	56	62	75	72	75	32	-18	86	-20	-73	-5	-20	-81	77	51	-30	80	45	52	-13	80	67	79	-22	3	0	-23	21	-61	-10	59	24	-38	-99	-91	-74	57	27	98	-37	96	62	9	-76	34	39	80	-37	-85	64	48	5	-32	46	85	85	24	-52	35	60	20	-14	63	-22	-39	81	-77	-97	22	93	-79	40	29	-41	-26	-33	-1	-98	-3	17	-10	-82	89	98	23	
-71	73	-57	60	-67	-53	-84	-4	-71	-58	3	90	57	65	-43	-50	90	29	-29	-50	28	1	10	51	-65	-21	79	-54	43	-43	59	52	72	0	75	-50	6	-21	-60	-49	-82	46	-86	49	-23	-15	41	35	-52	-15	91	84	68	-18	77	-6	94	-25	9	9	-71	19	95	26	95	-75	58	-87	16	-59	29	58	22	-3	-10	-17	-40	95	91	-34	-67	24	-73	-56	73	-88	-32	25	-81	-87	-44	-26	92	-19	-46	74	68	91	15	-83	14	-43	-69	53	-49	95	96	30	46	-77	7	58	2	17	0	-10	72	12	-73	-44	58	20	-64	-48	3	7	28	38	
18	-4	-8	-36	-19	73	-18	19	61	-84	-41	40	61	8	-16	-24	54	-8	-95	46	45	60	41	92	-71	-33	12	61	25	67	20	-80	-72	-40	-85	-87	57	97	-78	6	18	66	64	8	1	35	19	99	7	-63	-77	-26	-1	-85	66	-85	82	19	-83	-92	7	-57	-46	-22	99	-2	40	62	-5	25	91	-7	14	25	59	-33	-49	45	50	53	-56	-25	-37	-90	88	65	-30	9	-3	-94	-56	81	-70	52	-45	22	-14	50	-40	-45	-59	-63	34	-87	59	52	9	-20	63	-5	31	62	-31	0	56	55	7	9	-44	83	-30	71	21	23	-16	97	12	96	
-75	19	-93	-51	-45	46	9	45	-17	82	-59	-28	38	-79	-89	-98	72	0	43	70	-15	-30	98	67	-95	6	-8	-35	-64	1	42	69	68	85	72	-4	24	-16	-14	-37	-86	-17	-82	-44	70	51	96	-80	90	32	-72	-55	75	-18	-59	4	4	-95	-29	37	-37	-64	-61	-54	-61	-19	-75	-34	1	96	-13	10	-77	-7	-98	58	-85	-25	-19	-2	66	70	99	48	-10	14	-49	-44	82	-85	48	20	17	-83	-25	-21	59	89	96	-64	-34	33	54	61	-29	21	41	14	87	-95	-35	60	-60	-58	-87	67	-52	-56	-30	99	64	-40	-14	65	-55	18	-33	90	
-28	-53	-22	-89	-25	84	-16	-66	-57	38	16	25	20	14	-73	-46	4	-22	72	4	61	4	-77	-58	-32	-57	-4	-71	-29	29	94	9	78	-29	-46	-51	79	-37	29	42	96	-61	86	76	23	70	84	-20	-14	17	-88	73	-76	75	58	-19	-68	-6	-65	-70	-91	58	-24	-41	-32	-55	-79	39	-91	12	83	-55	64	58	-99	-70	-73	69	-62	91	21	-67	75	-7	73	19	-55	13	39	0	-4	80	54	78	12	12	68	-37	-90	-14	-67	-77	-60	-41	-13	90	16	46	-72	-40	-98	-73	-87	-62	6	-46	63	96	-13	-75	-36	-96	-89	27	23	50	23	91	
-86	-41	35	-18	62	25	57	5	19	-97	0	73	44	-48	51	31	-45	-81	-11	30	-19	-52	9	-21	-63	40	47	-38	-93	-64	25	85	-19	-3	-70	7	90	17	-68	79	9	-94	-36	0	-18	-77	-11	-67	-33	64	56	-97	-30	97	-5	-82	99	-74	61	-69	43	28	61	-37	-69	-2	25	-24	-65	-59	2	-88	70	-42	42	16	-62	-40	-43	-22	-32	90	27	17	-89	67	-70	-45	23	28	-3	2	92	93	-25	52	-44	-18	-9	-21	-64	-42	48	79	79	-88	4	-51	38	36	-65	24	-34	-37	-82	94	-99	85	-28	71	76	-45	-54	-80	-45	-59	60	76	
30	-91	24	63	26	-22	17	17	-57	77	-62	-8	78	22	-55	86	16	-1	66	-15	18	50	83	-33	-81	-3	20	56	-31	-42	-81	23	-57	89	-45	68	-41	-3	-90	16	-50	19	83	-74	-58	52	96	40	56	28	-33	-17	-71	3	8	-36	-43	33	35	93	-75	88	-77	28	9	-35	-57	-21	-24	-93	-99	94	-90	70	87	23	65	38	92	76	76	96	67	66	45	-79	-41	39	54	9	-77	-8	95	37	-14	-89	29	27	54	44	-57	-47	50	-30	0	49	-23	-72	5	6	27	13	-32	-58	-38	89	-78	-45	27	-36	-66	9	44	60	-95	-72	13	79	
81	35	-44	-66	-16	-3	91	-24	77	51	67	-74	-29	-36	-35	43	-57	88	6	24	71	-67	70	-24	-28	21	-39	61	-94	-15	66	99	89	-77	46	19	-32	-84	-33	2	-84	-61	-20	-45	-72	-96	23	66	35	13	0	-51	22	38	43	-20	65	56	8	-3	-65	75	95	-58	88	-64	55	24	-2	36	-55	-77	42	-9	38	-34	65	-97	54	-95	26	34	-74	-62	-73	-25	6	-53	-40	2	27	-35	-98	57	-39	99	-11	50	-44	65	-10	-50	97	-69	17	17	-12	89	-88	16	50	44	-1	-98	6	-67	58	88	20	-93	-33	35	-18	-8	-75	85	44	39	
75	95	5	53	-32	70	-51	-95	-30	82	-58	7	67	63	-26	-8	-43	-39	19	15	-87	-8	54	-27	33	-85	51	-29	-90	-81	-46	-70	-98	90	-55	-72	96	-84	84	-86	-72	-14	69	94	-40	-27	-22	-28	60	41	81	61	94	79	9	1	41	-57	-14	-21	84	-93	51	78	96	30	84	6	88	62	3	-31	-34	-7	-96	-3	-81	-38	-21	-47	87	-47	-20	55	91	-58	84	-39	-82	-66	26	-11	69	92	-18	13	-69	-81	-66	-51	5	52	51	59	-89	-11	-47	76	-24	-12	12	-51	37	-24	69	14	-88	68	-62	24	-6	71	62	-74	-20	-80	-11	66	
-17	-5	69	-65	-41	97	-62	-59	-62	-73	-30	-63	86	-86	27	-99	-95	83	-27	-23	-34	-24	46	-68	-65	85	-94	-49	-95	78	41	-19	-85	-53	-7	33	1	42	-92	12	56	-57	-49	-31	94	19	91	-24	97	-41	-6	98	-31	10	-2	32	71	-61	-48	-65	-58	82	-27	77	-87	29	44	4	19	-50	89	85	-76	-33	-95	71	87	-54	63	-91	54	-96	0	-26	-19	46	15	-74	81	-68	10	81	96	15	71	62	-80	-75	62	-52	-82	95	81	41	-80	-91	5	-43	60	65	18	-8	-89	-30	41	38	33	25	-58	-30	80	-33	-46	40	87	90	37	-55	
-39	-30	-21	-56	57	25	99	-58	81	18	-19	86	67	-12	-80	83	6	99	38	37	36	-63	70	20	-64	31	0	90	94	-76	23	45	76	-8	52	62	8	29	50	-82	39	49	-83	62	-95	-56	1	-99	46	96	-4	92	87	96	-22	55	96	4	-97	-8	-9	-14	18	-92	72	-67	99	93	80	-28	-24	-15	41	-51	90	34	-28	-13	-13	62	-95	-65	41	-85	-4	-76	-50	0	15	33	67	60	-67	-45	80	21	-89	73	49	-5	25	34	25	18	42	2	70	56	37	21	-61	-48	80	-85	-84	88	-24	36	-9	-46	9	13	-12	68	75	-70	-35	-43	
-91	-50	-71	89	-12	0	84	-78	48	-25	-65	61	39	81	-1	-95	5	-72	-35	75	40	-25	26	-70	-99	-34	94	9	78	60	67	-76	-52	0	10	-91	-55	27	72	8	-97	87	42	-77	40	4	-45	80	-28	41	-60	93	0	0	-70	95	3	11	-32	-17	77	-79	1	-24	44	-25	-49	23	91	74	32	80	56	-32	31	12	-23	-35	55	10	76	7	-54	79	6	-58	-26	25	34	23	-10	26	-80	62	-73	-39	-8	-31	-81	59	67	-77	-7	29	-63	59	40	-59	99	12	93	79	-1	-15	-73	-21	-43	86	52	44	72	-41	-41	-37	73	-69	-52	72	
63	-88	66	28	60	-12	34	-32	12	71	-77	-98	9	20	-20	66	-84	-71	16	-11	-18	40	-85	59	-97	-7	90	76	76	-12	93	83	-85	31	6	-29	-23	-29	94	-9	-23	-70	25	-17	-48	2	-61	-71	-92	0	49	-75	-51	-32	-97	94	-14	-39	-63	46	-38	5	-86	46	-82	-81	-27	56	65	-29	87	35	-91	93	35	18	40	-73	3	-9	17	-70	-51	-27	-71	-31	-83	64	45	-82	-49	53	-76	71	49	-17	76	15	-70	44	51	-4	-45	-9	29	-22	-44	-71	6	-51	28	-74	60	-31	84	76	-54	-69	52	90	74	-12	41	42	-30	-55	-67	62	
-71	62	-73	-42	-22	-28	-95	7	35	-92	-7	28	32	48	-65	31	8	-96	83	10	-3	-31	-12	-71	10	80	-50	-6	-44	34	17	2	10	59	90	2	63	-95	-71	28	-82	-50	69	18	-63	-26	21	10	28	-28	-43	-15	-15	34	-76	-72	23	-94	32	57	21	80	-64	-78	11	-62	89	13	39	-96	-14	78	91	33	-90	23	77	-54	45	-86	44	15	-30	-42	-79	38	-7	-82	41	26	57	43	4	29	34	-9	-68	16	-56	-21	97	-81	-27	54	-31	52	81	28	45	38	-76	62	-76	48	36	73	-32	41	-22	-80	80	-47	80	99	-36	-9	38	-13	
1	51	-34	-75	-31	78	-16	59	-43	-59	-85	53	-48	-38	37	-53	-65	80	81	-18	-75	-69	6	-41	-87	30	62	46	-50	97	-40	30	-7	-8	-69	-4	74	88	2	-35	33	-15	0	-59	-50	-90	-11	-99	82	10	-86	-47	-87	-93	-69	84	93	-3	-64	-96	-74	60	6	-59	19	91	35	69	27	-17	43	51	-4	-83	72	39	18	-36	-11	-17	-17	39	-47	-28	23	23	-98	-56	33	26	70	-56	65	-17	-93	-58	42	-63	9	68	88	-52	-18	44	99	60	36	62	14	29	65	69	88	-1	-76	83	13	7	-43	-34	75	15	16	-17	-8	41	-38	-85	
-95	-76	60	-93	-46	57	-4	35	91	95	-80	41	-10	-66	96	-27	42	-16	67	80	-61	-7	-82	49	-97	-84	56	71	11	15	-93	99	50	93	-28	-82	12	-60	84	71	6	-11	-32	81	76	50	-43	8	69	-10	27	44	-34	-37	-65	4	63	86	2	-90	68	-99	43	-57	-12	-66	-65	31	66	-22	-29	7	93	92	65	77	-24	49	87	-35	-79	-40	64	47	92	-67	-47	67	72	40	-42	-22	-46	-89	31	-34	-79	6	97	-78	27	-12	24	-67	-90	85	30	-55	31	-10	-22	76	-22	-48	40	10	-76	-41	5	48	73	32	-45	-79	-33	43	38	60	
-54	-33	39	-13	-17	-20	67	-69	-6	43	42	80	17	82	-46	-20	2	-98	48	62	-18	39	3	-78	63	13	0	32	-20	77	60	-19	-55	8	-81	21	-57	-89	73	-22	-92	45	81	-62	95	21	-93	-22	-62	-3	-5	-95	-89	-74	3	-3	-85	-93	78	72	51	-81	86	-44	85	-44	-76	4	76	-31	-28	80	87	83	-32	42	1	79	78	-40	-23	6	76	68	42	-37	90	39	-42	-94	-82	-62	12	-75	17	-6	52	-43	76	-85	-14	-92	39	33	5	-60	-68	-76	15	-22	19	72	42	-3	78	40	-11	49	15	-36	-62	-12	-22	-62	92	70	14	-86	
62	78	-30	-86	50	97	70	89	-34	-67	-90	-46	67	45	12	-93	21	67	89	45	-41	8	80	0	-51	-22	50	76	-38	-54	53	-28	-70	30	1	-2	-22	-10	-11	68	-78	-5	15	1	55	7	-6	-39	84	87	49	84	-51	77	56	26	39	19	16	-60	-80	85	-8	-15	46	33	44	-18	63	-11	92	59	-24	-90	3	-16	23	23	-26	-75	-93	-19	78	86	84	-65	-38	-63	-7	-54	9	-46	24	-15	-60	26	50	-43	86	-74	78	-50	-20	30	20	89	-60	-13	-57	87	70	-75	-63	53	48	-72	-70	-95	40	-69	14	-93	-47	-59	-86	-74	63	-81	
-19	28	-65	46	26	30	18	31	10	59	-35	-14	-20	-30	41	-62	-97	-80	-42	2	-19	88	83	-74	-48	-55	56	58	-61	-13	52	15	18	-16	-73	-81	2	85	-93	83	98	-77	12	-35	-76	-80	76	-33	94	6	-19	15	61	-63	-13	48	89	-69	65	28	-53	73	-8	-27	-8	74	26	5	-42	42	-66	-18	-19	-10	-45	-77	-50	-32	61	13	97	52	80	11	77	-30	47	-52	-89	-3	-4	-36	-35	-65	-32	69	21	53	-31	-24	21	-4	-56	86	74	-83	74	85	-92	-9	-84	5	-51	-6	74	43	38	-67	-60	-91	-47	65	-45	34	4	-13	25	93	
29	-11	-82	-3	54	-66	77	0	83	50	-19	18	-32	63	-3	-34	-60	-88	-52	-15	67	-24	91	-20	-94	-55	-7	89	10	96	13	49	-29	16	34	92	-16	97	93	-34	40	54	19	90	-48	-46	-21	-35	38	-84	-38	25	-44	-14	-91	78	-42	34	-27	-43	63	-42	89	35	85	51	-99	30	2	-33	45	29	-47	53	-40	7	89	88	30	10	-46	91	42	92	-18	-43	-41	55	-88	68	56	-32	-76	-29	95	22	5	-42	86	45	-13	-73	-12	47	41	82	-90	-47	-39	-25	68	80	-64	-25	-9	-59	-10	81	-65	-28	-44	-55	80	5	-31	58	-29	77	
-12	-47	25	48	91	-62	-58	-14	-4	40	73	-8	-75	-8	56	1	87	-43	8	0	-73	8	-57	85	44	50	71	-26	-77	-55	-71	-3	-9	75	41	-69	41	-97	-3	-64	-8	69	77	29	-85	-41	-45	-19	-94	24	73	-54	74	17	34	-29	99	73	-98	-36	39	-92	73	90	-9	-6	-59	1	-64	-63	-3	-92	43	-35	71	-30	-48	98	90	92	55	34	11	52	57	-25	60	18	-86	-1	77	-20	58	-51	-60	99	95	-34	72	86	6	-93	-81	74	18	29	-59	73	73	17	-21	-52	54	-26	-78	-60	24	3	17	28	-4	83	-60	84	85	-70	-22	-74	
61	54	-65	76	20	50	60	-77	-37	84	-20	-34	-74	-64	78	-24	-44	31	45	51	90	-54	32	19	95	-70	-23	74	-12	45	81	83	-52	87	-26	-14	-43	-71	-4	97	-97	-19	76	22	36	32	89	95	-81	90	-72	76	76	-43	93	-36	13	62	-1	30	-4	6	29	38	-83	70	-36	-23	-97	-97	59	-32	40	14	-83	30	63	-84	-38	-55	-54	-81	-76	-55	-75	-68	89	11	52	23	73	-27	42	81	-38	-7	-18	35	-97	-73	46	10	98	-16	98	-90	45	12	32	-20	86	-67	-68	99	-44	-37	18	-77	21	19	85	-95	-78	-21	-5	37	-21	96	
58	-54	72	-96	43	-10	70	35	90	-89	91	-83	-53	-88	-76	-16	-83	40	-66	49	-13	77	-41	-91	-95	-4	43	-35	59	75	11	-21	13	2	1	-92	63	2	34	41	77	20	33	-21	-82	80	39	91	19	-36	97	-39	50	-69	-38	66	-56	40	-45	37	62	-24	23	-11	61	-14	80	74	-98	-67	6	-56	-23	-55	62	47	62	83	-39	-31	-45	-62	-51	-9	-32	38	-14	53	95	6	54	-86	77	-58	67	68	-35	91	-18	41	80	-90	78	84	-4	-82	47	-31	42	-92	-78	-27	-94	57	-22	-16	-81	49	5	-84	75	-72	40	-99	92	96	56	-89	
-45	67	96	22	45	89	56	13	92	-57	-41	19	52	-8	43	-62	-95	56	-17	21	-1	66	83	-44	16	12	62	-95	3	-26	-5	-86	-74	-96	24	7	27	-38	-56	-42	36	-34	90	64	-36	43	-34	46	-76	53	-11	-30	89	52	3	17	54	-89	32	90	47	-14	-15	-95	-54	45	12	7	-48	-46	7	91	19	57	86	-24	85	-72	51	-44	67	75	21	84	-95	-21	97	-15	-98	-72	-24	22	-39	13	-13	-1	-3	-63	11	-94	29	60	32	-47	0	-67	20	37	-88	2	12	-34	32	40	-45	-2	-2	-5	38	-17	-24	-18	25	56	-9	-67	66	-90	
-2	93	69	26	58	-57	-84	90	-58	-57	67	-1	-76	-50	-73	-40	75	-75	81	67	-85	91	51	82	-41	-97	57	36	71	75	31	-73	-5	-2	54	29	-98	60	53	-10	-35	-54	-11	-78	29	31	-25	-19	-57	68	47	2	-21	-94	57	-68	-17	-89	64	-14	-24	55	-2	31	52	-22	0	97	-91	-95	1	-45	-89	-50	-57	48	10	83	-33	-76	18	-38	27	-40	79	-19	-51	-50	-54	94	-65	92	49	92	46	-21	20	82	-46	-18	58	10	57	53	-13	-22	-94	-10	-46	-31	-23	56	-15	47	61	43	-6	84	67	-26	-89	-63	14	-32	79	4	-19	-50	
99	-99	14	-35	49	-35	8	-48	61	-82	-88	-40	81	-23	5	-86	23	20	80	62	26	97	-63	-33	61	-4	33	-22	90	66	-22	56	-89	-87	84	-51	98	45	-47	-90	-97	-62	-39	48	-33	-29	18	-53	-13	82	41	-8	34	5	36	94	-42	68	-93	-63	-83	34	-81	-65	32	-44	-85	66	9	53	71	83	55	-94	19	-31	5	-60	57	-33	25	-64	-33	-81	-57	-44	85	41	-30	93	-49	8	-42	93	-97	-41	7	-84	-39	39	4	-25	62	-83	-7	-45	5	63	25	98	-87	97	-97	91	-52	-86	13	46	82	71	10	50	74	-14	-74	-75	-56	-13	
-58	-95	87	-19	96	80	99	72	-20	24	-92	-47	-54	32	98	69	-2	19	-97	93	56	24	77	16	-23	92	82	-34	-65	-51	-16	-73	-84	11	-35	75	30	98	-48	-56	6	-87	92	-76	-92	-74	0	30	43	-18	49	21	45	90	85	65	0	-83	-78	-54	-40	-82	-79	77	-5	53	41	-38	98	-32	28	-27	54	24	23	7	-11	7	6	-18	85	-71	50	65	90	-85	-46	50	27	-38	6	17	39	-12	-66	10	6	-77	-90	57	-91	-51	-7	-91	29	37	-26	-8	83	16	-3	52	-59	18	24	-34	-70	6	40	63	-26	-60	-59	-74	-41	96	-68	6	
-30	81	52	-75	53	51	-30	-66	-19	-64	47	-76	-81	-85	-73	29	-68	-62	26	94	22	-25	12	12	22	13	68	61	62	99	43	42	39	36	-46	97	-28	-73	-69	23	-15	16	-77	32	-29	-26	65	-87	26	-74	58	-93	97	-78	5	-14	-41	-55	60	58	-23	-61	57	45	76	-60	42	20	-72	9	3	-49	-6	-63	44	56	61	8	70	6	-72	-81	-72	-57	-4	-74	94	-52	80	-66	-40	-43	92	-25	4	-61	2	-94	49	22	-22	-61	-72	-16	-85	-80	57	32	27	15	40	-12	-72	20	62	-26	-43	0	-6	71	50	21	27	-60	-62	89	5	49	
-12	-50	-65	-58	-16	-28	26	-18	3	-36	-97	36	72	14	-79	6	-86	17	85	63	85	76	-95	-87	37	-32	-72	-46	-45	-26	-28	-19	-41	-69	11	-79	28	59	53	25	74	-29	77	95	88	-51	57	-83	-59	76	-89	-71	63	45	82	-60	80	-7	-17	33	-27	-73	-59	83	13	-46	67	24	-52	0	-45	43	-1	-83	-4	75	5	-67	-61	-39	14	81	7	64	-79	-46	76	-50	43	48	-2	82	77	-75	4	-65	-4	3	-3	23	36	7	14	43	43	56	-19	-56	39	87	-50	13	2	18	37	40	-14	-38	9	-37	25	-1	35	93	-41	70	-36	-98	
1	-95	-10	63	-88	57	35	-2	92	-9	-13	-55	86	-97	-61	-64	65	52	-99	4	-70	37	9	18	94	33	-33	13	66	45	11	-42	-72	-55	-14	-11	-26	42	-91	-40	-39	-97	14	-95	-26	60	-53	69	-48	49	88	-99	65	1	-53	-47	-20	-68	59	67	55	-26	33	86	72	-96	-52	-27	-37	27	-26	-87	-22	-33	-19	71	-83	-87	97	97	-13	34	94	35	-45	-26	-40	70	70	1	-59	-20	-74	-58	-33	-97	6	-64	96	-83	-14	-66	-24	-21	-44	39	-47	98	-20	97	16	-52	-30	22	-67	73	68	-88	79	42	84	31	45	4	-37	-23	1	80	
95	-62	13	96	-26	-29	45	33	-56	-60	45	71	-23	-93	73	-59	-80	35	9	-78	67	-46	82	94	-96	45	-23	-80	15	-74	-99	61	-60	77	79	-9	67	10	-39	92	63	-80	6	85	34	13	-97	65	-74	31	-1	-3	-48	70	-70	26	-52	-72	67	-83	-72	-39	-75	31	-50	-55	-55	72	-24	94	-57	32	-26	-19	-17	-52	50	12	0	-79	-58	54	44	20	-21	-20	-34	-39	-61	-58	-12	20	-54	-44	80	-8	9	-55	94	27	89	98	51	-87	-48	-95	60	-79	-52	-72	47	74	48	-63	-56	61	89	-72	49	5	-57	-61	19	36	17	-7	42	-73	
-14	-36	78	67	57	-60	51	-55	-69	-30	9	-12	28	-43	-53	12	-5	42	97	-3	1	-12	80	64	88	89	14	-76	21	-16	-39	-45	80	32	49	-84	-2	-58	-68	-35	-21	5	26	81	56	-77	-77	44	-62	87	67	17	71	55	-1	47	67	62	-38	96	45	43	47	84	68	76	94	-57	-72	-57	55	-49	62	-71	11	99	-92	36	-34	-53	44	-37	-75	8	-59	-73	-75	92	38	89	82	-10	-35	65	-19	23	52	57	-59	-78	-36	36	-26	-48	43	70	-82	-3	31	-87	91	17	-24	74	92	-6	-57	91	75	-4	-81	48	6	33	24	-39	-84	-63	
-35	95	43	-8	48	39	91	-45	69	-39	97	17	46	-41	17	-94	95	-32	-95	42	43	-18	77	-10	-9	-26	-75	31	5	-55	78	79	90	15	55	-80	-90	85	66	18	-49	-85	-44	97	-93	76	53	-48	70	33	-72	75	-16	-34	-60	61	-53	86	67	-99	40	36	-82	-41	48	-29	-41	87	-21	92	26	94	-52	29	-16	-83	55	1	4	-41	-18	76	-30	68	-38	-84	66	-96	11	41	-5	-87	96	-49	-84	-56	-64	-65	48	-98	-98	-55	65	86	80	8	-55	45	-37	3	88	-27	-44	-50	-29	83	-35	-95	93	29	-12	-58	34	71	1	44	86	-45	
15	-79	-96	24	4	31	53	70	-51	37	35	-60	-88	-29	-27	-9	-21	38	-54	-48	-82	55	97	-4	-57	-37	3	80	1	-17	-87	-22	-66	-78	-75	30	10	48	-14	7	-94	15	41	-40	-8	74	-36	56	-61	-27	-12	49	47	-34	-49	-85	38	-45	-48	78	96	-4	-53	-39	46	54	29	-34	-52	-90	-62	50	77	85	85	34	68	-18	51	-88	80	9	98	86	-15	-5	4	83	-54	-59	35	-73	36	-30	-5	90	65	-95	94	19	-61	-39	-31	99	-94	-77	56	-86	-46	84	-38	-37	-73	20	17	-81	-15	-48	-47	35	10	-23	16	-63	29	-66	22	24	
-91	-19	-35	-90	24	0	39	17	0	-68	54	83	78	-3	56	52	23	-59	75	60	-40	75	-48	-81	84	-17	-32	-22	1	67	5	-56	94	39	16	72	12	-40	91	-8	22	-14	-25	-69	-66	35	7	51	-58	22	-90	-36	-94	14	-50	-61	-48	79	-16	-4	84	57	83	44	-99	20	-64	-95	85	48	84	-59	-89	-9	90	-92	-5	-69	11	-33	-83	-56	62	62	-13	86	-24	33	-88	75	-8	5	22	5	-92	-47	44	80	-7	-6	5	69	-43	46	-96	-14	-42	-21	-99	49	-17	19	52	20	94	79	-24	32	-54	-2	52	-59	-41	-62	59	-31	60	-89	
-54	-23	-89	99	54	-84	-62	-10	55	-13	50	88	-91	89	-75	15	-92	30	44	-98	-13	6	-73	-41	-38	-77	34	1	-89	-28	24	98	-85	54	9	-79	39	-49	5	93	-49	83	-39	60	-30	49	35	-76	-79	53	-35	63	69	39	-56	70	-54	-41	42	27	-94	84	-76	6	42	-96	-92	57	-73	40	29	86	17	29	-33	88	-85	60	-84	20	78	-9	-29	-35	-14	83	87	-31	-1	-67	-69	-13	80	19	44	-44	60	44	23	43	-55	-85	0	50	-28	87	-78	-55	-77	75	18	-95	28	20	19	-93	-94	-21	46	-47	-45	76	38	86	62	-41	-85	62	
-28	17	-98	-25	-40	-38	22	64	-23	43	28	-28	94	22	-10	-97	-19	37	-76	-65	61	6	-92	2	67	28	-26	37	30	-52	47	-30	15	39	-81	-11	59	77	-44	18	-25	-10	7	77	10	29	31	-80	78	94	28	54	27	43	11	86	-12	93	-95	8	51	-66	-48	-85	70	-89	36	37	-27	-38	-46	-79	-72	29	46	-24	26	-36	89	4	52	9	89	-8	31	58	-75	-39	-14	15	-57	15	83	-61	25	84	59	-70	44	-16	-78	57	64	53	69	96	61	-14	-62	68	-41	-69	98	-52	-70	-70	-47	54	29	-94	-28	29	-53	-33	-72	7	-6	-18	
-16	-99	43	-87	53	-53	-52	85	-90	-22	-62	-12	62	0	-48	-25	-40	2	49	25	34	89	-79	72	-93	17	2	-42	-53	37	-12	-17	90	88	13	46	-44	90	-62	97	-57	63	0	28	47	58	79	63	98	12	65	15	47	85	-68	17	-52	-88	-85	-57	33	-43	-94	85	-58	8	9	-84	29	17	-55	-74	-14	12	-31	-83	-89	-81	-33	29	16	18	-13	-85	76	91	89	-91	-79	-7	74	79	-69	-99	-78	49	70	24	-22	-25	-17	-81	85	-14	-77	79	-65	-18	-70	-93	-50	-95	-62	-3	-34	34	48	57	-40	2	46	20	91	1	-61	61	89	32	
81	39	20	-66	92	6	-99	2	41	-60	-66	93	-8	38	-15	-4	62	-11	20	2	-5	-46	-68	2	-23	93	-28	68	45	-90	81	9	-90	29	-2	24	-44	63	22	-26	-80	-87	-10	49	-15	-20	35	44	53	36	-57	-14	-34	67	95	55	-65	-88	50	83	29	-66	-84	-94	-87	45	-95	99	-42	90	63	69	40	-9	-98	-60	0	-96	-40	26	-73	-76	36	-1	-45	71	-89	94	49	-76	-51	32	-66	-88	-71	-37	-90	-68	41	8	-13	0	-20	-88	-1	-74	0	-56	-86	76	-62	5	80	31	-47	-12	-72	-67	-58	66	-20	64	-50	43	-16	-46	-86	-83	
29	-91	-7	41	-68	23	-16	38	-86	14	74	-26	-29	21	-80	-37	71	-90	85	61	40	-32	79	49	29	-54	-73	-46	57	22	28	99	-40	82	21	31	80	74	90	-29	39	-76	-68	18	-46	-66	-4	-25	8	74	51	47	72	95	-96	35	11	99	-85	8	62	-57	93	63	90	86	94	-77	-6	33	0	90	-31	43	12	-52	-30	41	-93	28	93	29	0	5	82	-62	-59	45	-46	-12	-44	-85	-74	2	-86	55	-49	-18	42	-9	66	-58	27	-69	44	-36	97	-66	-51	43	-51	-68	-34	-2	14	-52	-34	-58	66	-40	-12	-2	-2	86	89	-95	80	-44	
2	-43	10	0	10	-11	42	90	-79	69	12	87	-88	-45	-97	35	-37	71	-25	96	83	15	10	-84	1	-23	-12	19	96	-21	-55	-49	86	-95	-93	-51	99	-5	-76	-52	47	-96	42	-13	-80	88	-95	83	11	-97	23	-84	20	-84	-83	78	-68	-43	-42	-52	94	14	83	-23	-80	50	-73	26	-79	46	-51	98	3	81	1	71	78	89	-87	7	36	-71	43	7	63	-90	-30	85	-81	-78	4	-81	-87	-96	34	93	-13	-33	-17	83	94	-95	13	-9	99	28	-88	38	-84	53	89	-42	15	63	-67	14	72	37	-94	-32	-85	-49	74	5	73	30	-58	69	
-47	-10	-31	28	38	-40	-64	78	-37	27	19	70	-44	-12	24	31	-66	38	-18	-56	-35	41	21	-53	-51	21	-65	68	-96	67	13	44	-41	32	-4	-68	37	-91	-32	-20	29	-59	37	-8	59	-7	74	56	-38	-79	77	-34	-8	-24	-74	76	37	2	-14	61	-37	-50	-71	31	-46	56	-9	41	20	10	-13	2	-74	-78	66	-14	-59	-68	74	-44	-66	0	42	45	59	-10	-93	27	69	8	-48	39	90	-90	-63	40	-86	-56	34	43	8	-69	18	21	54	22	-3	62	-73	-13	-90	-17	-94	-9	-79	-73	58	-94	92	-63	97	-1	-51	98	20	65	17	-91	
-61	-92	-53	80	-13	87	-42	55	39	43	25	20	57	-60	-72	90	52	78	-53	-68	37	27	-9	74	43	-44	-15	-18	-53	-50	82	15	76	92	56	51	-68	-28	-12	-31	71	-28	-43	-10	29	26	-54	-46	87	63	-52	-92	-44	-50	74	-64	60	84	43	-52	-8	-84	-72	-96	73	59	-25	98	-24	77	-34	-97	39	-50	-28	-7	84	2	-77	21	-61	-28	-36	7	27	64	31	-7	42	56	11	-11	-58	-5	-16	-39	62	68	-46	64	-65	-38	89	70	-55	-6	-94	-14	88	-40	1	-86	51	63	83	-74	-7	-48	-9	-31	-96	-35	60	-95	73	-56	71	-38	
50	23	32	85	61	-87	3	39	-9	94	75	-21	28	75	24	-25	-71	11	-97	-47	-81	-33	-57	-40	-98	39	-75	26	42	-59	-70	93	-33	-97	-53	-93	-82	-23	2	-58	-49	-77	14	-31	-60	75	-27	-24	76	94	69	-68	69	44	-54	75	4	31	-12	27	-5	-8	-74	96	-58	84	-82	31	43	75	-82	-4	7	-5	50	45	39	-91	85	17	29	75	-6	15	-86	-3	92	-6	-47	72	97	-8	70	2	38	3	-25	31	-88	-36	40	-94	51	-36	-65	-99	77	2	58	-55	-28	15	-40	-88	96	-7	68	73	6	69	-22	37	-79	47	-97	37	64	-83	
3	-36	0	40	97	88	-79	27	-82	0	56	51	53	83	-46	25	-41	-53	-9	-63	63	-62	13	-43	-57	-10	95	23	-54	-70	-24	-54	62	60	5	30	-26	-63	85	-88	-55	-60	-63	-3	-42	22	-22	-37	36	55	72	-62	-29	-94	-89	-9	84	-98	-5	-70	-76	-67	-21	82	53	50	75	-79	-43	-23	-8	28	-53	93	80	-7	-7	-58	-78	85	-82	60	53	-65	-13	-80	-72	-67	-38	85	-75	-79	-18	-63	-30	-79	88	73	30	-89	31	-18	81	-82	97	-91	-63	58	60	29	-74	-59	51	8	76	77	71	-15	80	72	20	1	-38	-16	33	45	9	-26	
