200
    1     7     6
    2     4     4
    3     7     6
    4     2     1
    5     7     8
    6     9    10
    7     4     5
    8    10    10
    9     1     1
   10    10    10
   11    11    10
   12     1     1
   13     2     2
   14     7     8
   15     2     3
   16    10     9
   17     8     9
   18     1     2
   19     2     1
   20     2     2
   21     4     3
   22     6     6
   23    10    10
   24     3     3
   25    10     9
   26     6     6
   27     2     2
   28     8     8
   29     5     6
   30     1     1
   31     9     8
   32    10    10
   33    10    10
   34     3     3
   35     4     4
   36     1     1
   37     1     2
   38     9     9
   39     3     4
   40     8     7
   41     6     7
   42     6     6
   43     9     8
   44     3     2
   45     1     1
   46    10     9
   47     9     8
   48     5     6
   49     9     9
   50     4     4
   51     8     7
   52     4     4
   53     7     7
   54     2     2
   55     7     7
   56     2     2
   57     3     3
   58     5     5
   59     6     6
   60     5     4
   61     2     3
   62     3     3
   63     4     4
   64     8     7
   65     7     8
   66     1     2
   67     8     7
   68     6     7
   69     5     6
   70    10    10
   71     3     2
   72     5     4
   73     8     8
   74     2     1
   75     7     6
   76     4     5
   77     4     3
   78     9     9
   79     9     9
   80     1     1
   81     6     6
   82     4     4
   83     9     9
   84     7     8
   85     9     8
   86     7     6
   87     2     2
   88    11    10
   89     7     6
   90     6     5
   91     8     7
   92     2     3
   93     6     5
   94    11    10
   95     8     8
   96     3     3
   97     5     5
   98     4     3
   99     5     6
  100     5     6
  101     4     5
  102     8     8
  103     1     2
  104     3     2
  105     5     5
  106     4     4
  107     7     7
  108    10     9
  109     2     3
  110    10     9
  111     1     1
  112     4     5
  113     4     3
  114     9     9
  115     9     9
  116     2     1
  117     1     1
  118     8     7
  119     9     9
  120    10     9
  121     2     2
  122     8     7
  123     7     6
  124     6     7
  125     4     3
  126     8     9
  127     8     8
  128     5     6
  129    10     9
  130     1     1
  131    11    10
  132     2     1
  133     8     9
  134    10    10
  135     4     5
  136     3     2
  137     7     7
  138     4     5
  139     1     2
  140     3     4
  141     1     1
  142     8     7
  143     4     5
  144     9     9
  145     1     1
  146     3     4
  147     7     8
  148     2     3
  149     3     3
  150     5     6
  151     1     1
  152     4     3
  153     9    10
  154     8     8
  155     6     6
  156     5     4
  157    11    10
  158     6     5
  159     8     8
  160     6     7
  161     8     9
  162    10     9
  163     7     8
  164     3     2
  165     2     1
  166    10    10
  167     5     5
  168     5     4
  169     6     6
  170     4     5
  171     9     9
  172     9     8
  173     3     3
  174     9     8
  175     8     7
  176     1     1
  177     6     6
  178     1     1
  179     4     4
  180     8     8
  181    10     9
  182     3     3
  183     3     4
  184    10    10
  185     5     5
  186     4     3
  187     7     6
  188     8     7
  189     9    10
  190     1     1
  191     3     2
  192     4     5
  193     5     6
  194     7     8
  195     1     1
  196    10    10
  197     3     4
  198     4     4
  199     6     7
  200     5     5
11
