200
    1     1     2
    2     3     2
    3     3     4
    4     1     1
    5     5     4
    6     8     8
    7     2     3
    8     7     8
    9     9     9
   10     3     2
   11    11    10
   12     4     5
   13     5     6
   14    11    10
   15     8     7
   16     1     1
   17     8     9
   18     7     6
   19     3     3
   20     1     2
   21     1     1
   22     1     2
   23     1     2
   24     2     3
   25     2     3
   26     8     8
   27    11    10
   28     1     2
   29     2     2
   30     4     3
   31     5     6
   32     2     2
   33     8     8
   34     9     9
   35     3     2
   36     2     1
   37     4     4
   38     4     5
   39     9     8
   40    10     9
   41     5     5
   42     5     6
   43     5     6
   44     7     6
   45     5     5
   46     3     3
   47     3     2
   48     4     4
   49     2     1
   50     7     6
   51     6     7
   52     3     4
   53     4     3
   54     8     8
   55     5     5
   56     9    10
   57     6     7
   58     4     5
   59     9    10
   60     1     2
   61     6     5
   62     8     9
   63     3     2
   64     2     3
   65    11    10
   66     4     4
   67     8     7
   68     6     5
   69     3     2
   70    11    10
   71     9     8
   72     8     8
   73     8     8
   74     9     9
   75     5     4
   76     4     3
   77     3     3
   78     1     1
   79     8     9
   80     1     1
   81    11    10
   82     4     4
   83     4     5
   84     9    10
   85     9    10
   86     5     4
   87     9     8
   88    10    10
   89     9    10
   90     8     9
   91     6     7
   92     2     3
   93     9     9
   94     5     4
   95    11    10
   96     9     9
   97     1     1
   98     2     1
   99     7     8
  100     5     4
  101     5     5
  102     5     6
  103     5     4
  104     5     4
  105     3     3
  106     3     2
  107     4     3
  108     1     1
  109     3     3
  110     1     1
  111     5     5
  112     9     9
  113     3     3
  114     3     3
  115     6     5
  116     2     3
  117     2     3
  118     6     5
  119     8     7
  120     8     9
  121     5     6
  122     6     7
  123     4     4
  124     6     7
  125     3     3
  126     4     5
  127     6     6
  128     3     4
  129     7     7
  130     7     7
  131    10    10
  132     1     1
  133    10     9
  134     3     4
  135    10     9
  136     6     6
  137     4     3
  138     8     9
  139     1     2
  140     7     6
  141     5     5
  142     8     7
  143    10     9
  144     2     1
  145    10     9
  146     3     2
  147     2     2
  148     6     5
  149     6     7
  150    10    10
  151     8     9
  152     2     1
  153     9     8
  154     5     6
  155    10    10
  156     4     4
  157     7     6
  158    10     9
  159     5     6
  160     8     9
  161     8     9
  162     3     3
  163     3     4
  164     2     2
  165    10     9
  166     5     4
  167     1     1
  168     1     2
  169     7     6
  170     4     5
  171     9     9
  172     6     6
  173     7     7
  174     8     8
  175     6     5
  176     1     1
  177     8     8
  178     3     3
  179     3     4
  180     7     6
  181     6     5
  182     1     1
  183     5     4
  184     1     2
  185     5     5
  186     6     7
  187     1     2
  188     2     3
  189    11    10
  190     1     1
  191     3     4
  192     2     3
  193     1     2
  194     6     6
  195     4     5
  196    11    10
  197     1     2
  198     5     4
  199     1     1
  200     8     7
73
