200
    1    28    29
    2    74    73
    3    89    79
    4    27    36
    5    47    41
    6    99    95
    7    80    90
    8    88    81
    9    30    30
   10    53    55
   11    40    41
   12    68    72
   13    99    93
   14    18    25
   15    28    30
   16    63    62
   17    48    42
   18    96    89
   19    28    26
   20    29    19
   21    67    58
   22    92    89
   23     1     1
   24    46    36
   25    82    86
   26    50    53
   27    67    71
   28    67    69
   29    45    55
   30     6    12
   31    71    71
   32    95    89
   33    70    61
   34    65    74
   35    59    69
   36    55    46
   37    20    29
   38    23    14
   39    66    69
   40     1     4
   41    58    64
   42    13     3
   43    75    79
   44    35    43
   45    92   100
   46    84    84
   47     1     3
   48    55    51
   49    39    32
   50    85    93
   51    63    72
   52    19    25
   53    21    30
   54    56    61
   55    19    10
   56    60    69
   57    60    66
   58    80    88
   59    52    53
   60    65    67
   61    24    22
   62    51    60
   63    25    25
   64    96    88
   65    27    25
   66    37    45
   67    75    66
   68    51    60
   69    60    69
   70    23    23
   71    39    43
   72    27    31
   73    92    91
   74    32    32
   75    40    45
   76    66    58
   77    99   100
   78    22    28
   79    76    66
   80    59    64
   81    36    27
   82    49    43
   83    52    52
   84    55    59
   85    42    39
   86    21    27
   87    23    25
   88    50    49
   89    59    55
   90    56    48
   91    86    82
   92    80    70
   93    23    22
   94    54    61
   95    27    17
   96    46    54
   97    22    30
   98     8     6
   99    97    97
  100    22    17
  101    24    18
  102   102    97
  103    22    15
  104    92    93
  105    65    66
  106    77    71
  107     6    12
  108    31    32
  109    49    44
  110    91    90
  111    79    80
  112    19    24
  113    67    62
  114    41    38
  115   104    98
  116     6    16
  117    57    64
  118    44    42
  119    75    82
  120    16    26
  121    79    89
  122     1     2
  123     2     1
  124    59    52
  125    53    54
  126     9    16
  127    26    33
  128    21    21
  129    35    44
  130    44    44
  131     2     3
  132    39    30
  133    59    60
  134    95    97
  135    79    82
  136    11     7
  137    23    30
  138    44    36
  139    41    51
  140     8     5
  141    81    80
  142    36    38
  143    30    40
  144   103    96
  145   107    98
  146     1    11
  147    10    19
  148    71    80
  149    45    46
  150    82    91
  151    59    50
  152    80    90
  153    10    11
  154    59    69
  155   102    95
  156    19    25
  157    81    79
  158   100   100
  159    29    23
  160    15    22
  161   108    98
  162    71    80
  163    54    55
  164    24    31
  165     8    14
  166    44    39
  167   102   100
  168    18    13
  169     1     3
  170    14    22
  171    12     4
  172    99    99
  173    53    62
  174    69    71
  175    57    48
  176    35    40
  177    42    51
  178    38    34
  179    31    35
  180    70    73
  181    25    24
  182    93    98
  183    29    37
  184     4     9
  185    15    14
  186    84    82
  187    69    63
  188    19    10
  189    45    41
  190    81    82
  191    69    63
  192    58    52
  193    20    25
  194    28    37
  195    67    58
  196    12    11
  197     1     5
  198    73    75
  199    42    32
  200    29    38
599
