200
    1     7     6
    2     3     4
    3     4     4
    4     2     1
    5     9     8
    6     1     2
    7     6     7
    8     6     6
    9     8     9
   10     9     8
   11     2     2
   12     6     7
   13     9    10
   14     9    10
   15     4     3
   16     1     1
   17     4     3
   18     5     4
   19    10     9
   20     6     6
   21     6     5
   22     7     6
   23     7     8
   24     6     7
   25    10     9
   26    11    10
   27     3     2
   28     8     8
   29    11    10
   30    10     9
   31     5     4
   32     5     4
   33     7     6
   34     1     1
   35     7     6
   36     2     1
   37     3     4
   38     4     3
   39     9     8
   40     7     7
   41     4     3
   42    10    10
   43     3     4
   44    11    10
   45     3     3
   46     4     5
   47     5     4
   48     8     8
   49     6     5
   50     9     8
   51     8     7
   52     9     8
   53     6     7
   54     1     2
   55     4     5
   56     8     8
   57     4     3
   58     9     9
   59     6     6
   60     3     2
   61     1     1
   62     1     1
   63     5     6
   64     1     1
   65     9    10
   66     7     6
   67     6     7
   68     2     3
   69     5     6
   70     3     4
   71     7     6
   72     3     2
   73     1     2
   74     8     7
   75     5     4
   76     1     1
   77     9     9
   78     6     7
   79     3     3
   80     7     7
   81     4     4
   82     4     4
   83     8     9
   84    10    10
   85    11    10
   86     1     2
   87     2     2
   88    11    10
   89     2     2
   90     6     7
   91     7     7
   92     9     9
   93     3     3
   94     8     8
   95     7     6
   96     1     1
   97     9     9
   98     1     1
   99     4     4
  100     3     2
  101     1     1
  102     6     6
  103     6     6
  104    10    10
  105     8     7
  106     9    10
  107     1     1
  108     3     3
  109     6     7
  110     7     7
  111     2     3
  112     9     9
  113     3     3
  114     2     3
  115     2     3
  116    10     9
  117     4     5
  118    10     9
  119     7     7
  120     4     3
  121     1     2
  122     8     7
  123     8     8
  124     8     7
  125     2     3
  126     6     7
  127    11    10
  128     8     8
  129     1     1
  130     1     1
  131     6     6
  132     8     7
  133     8     9
  134    11    10
  135     4     5
  136     7     8
  137     4     5
  138     1     1
  139    10    10
  140     1     2
  141     7     7
  142     1     1
  143     1     1
  144     2     1
  145     6     7
  146     8     8
  147     9     8
  148     4     5
  149     6     5
  150    11    10
  151    10     9
  152     8     9
  153     1     2
  154     9    10
  155     3     2
  156     7     8
  157     3     2
  158     1     1
  159     8     8
  160     5     5
  161     7     7
  162     4     5
  163     4     4
  164     3     2
  165     7     7
  166     3     4
  167     9     9
  168     6     6
  169    10    10
  170     2     1
  171     2     1
  172    10    10
  173     6     5
  174     1     2
  175    10     9
  176     1     1
  177     4     4
  178     5     5
  179     6     6
  180    11    10
  181     4     5
  182     4     5
  183    11    10
  184     3     4
  185     1     1
  186     6     5
  187     4     4
  188     7     7
  189     5     4
  190     1     1
  191    10    10
  192     1     1
  193     5     6
  194     8     8
  195     2     1
  196     5     4
  197     7     6
  198     5     6
  199     3     3
  200     1     1
54
