200
    1     8     9
    2     1     1
    3     9     9
    4     6     6
    5     2     1
    6     8     7
    7     1     2
    8     8     7
    9     9     8
   10     1     1
   11     6     5
   12     9     8
   13     1     1
   14     6     7
   15    10    10
   16     4     4
   17     7     6
   18     1     1
   19     4     4
   20     1     1
   21    10    10
   22    10     9
   23     7     7
   24     8     8
   25     7     6
   26     8     7
   27     9     9
   28    10     9
   29     8     9
   30     9    10
   31     7     7
   32     4     3
   33     8     7
   34     9    10
   35     1     1
   36     5     6
   37     1     1
   38     9     8
   39     1     1
   40     3     4
   41     7     8
   42     7     7
   43     3     3
   44     2     3
   45     3     2
   46     2     2
   47     6     7
   48     2     3
   49     7     8
   50     6     7
   51    10    10
   52    10     9
   53    11    10
   54     9     9
   55     9    10
   56     5     5
   57     5     4
   58     3     2
   59     2     3
   60     6     5
   61    10    10
   62     7     8
   63     6     5
   64     2     2
   65     6     7
   66     1     1
   67     6     6
   68     7     6
   69     9     9
   70     6     7
   71     6     7
   72     8     9
   73     5     5
   74     8     8
   75     2     3
   76     1     2
   77     9     8
   78     5     6
   79     9    10
   80    11    10
   81     7     7
   82     4     3
   83     1     2
   84     2     1
   85     9     9
   86     4     3
   87     8     7
   88    10     9
   89     1     1
   90    10    10
   91     2     2
   92     6     6
   93     2     2
   94     8     9
   95     4     5
   96     2     2
   97     4     4
   98     4     4
   99     6     5
  100     2     1
  101     4     4
  102     4     5
  103     9     9
  104     2     1
  105     8     8
  106     6     5
  107     9     8
  108     7     8
  109     7     8
  110     8     8
  111     1     2
  112     5     6
  113     3     2
  114     9    10
  115     2     2
  116     1     2
  117     7     8
  118     3     4
  119     9    10
  120     9     8
  121     8     9
  122     2     2
  123     3     3
  124     2     2
  125     3     4
  126     3     4
  127     3     3
  128     4     3
  129     7     6
  130     5     4
  131     9     9
  132     6     6
  133     9    10
  134     6     7
  135    10    10
  136     1     1
  137     6     6
  138     3     2
  139    10     9
  140     3     3
  141     7     6
  142    10    10
  143     5     6
  144     5     6
  145     2     2
  146     8     7
  147     8     9
  148     2     2
  149     7     8
  150     4     3
  151     7     8
  152     4     4
  153     2     3
  154     2     1
  155     1     1
  156     8     7
  157     8     9
  158     6     6
  159     1     1
  160    10    10
  161     3     4
  162     7     6
  163     1     1
  164     1     1
  165     7     8
  166     4     3
  167     3     4
  168     6     5
  169     7     7
  170     9     8
  171     7     8
  172     1     1
  173     5     4
  174     4     5
  175    10    10
  176     9    10
  177     1     1
  178     7     8
  179     8     9
  180     2     3
  181     1     2
  182    10    10
  183     4     5
  184     3     3
  185    10    10
  186     3     4
  187     9     9
  188     9    10
  189     5     5
  190    11    10
  191     1     1
  192     7     6
  193     3     3
  194     6     5
  195     6     6
  196     6     5
  197     6     7
  198    10     9
  199     7     8
  200     3     4
112
