200
    1   490   536
    2   150   132
    3   142    74
    4   325   291
    5   434   428
    6  1011   994
    7   871   869
    8  1040   980
    9   284   349
   10   830   914
   11   143   156
   12   401   475
   13   450   540
   14   203   300
   15   382   461
   16   775   693
   17   317   237
   18   444   376
   19   296   297
   20   489   398
   21    68   157
   22   179    96
   23   940   996
   24   774   871
   25   825   789
   26   260   184
   27    11    10
   28   901   928
   29   546   542
   30   931   999
   31   358   330
   32   908   828
   33   548   540
   34   248   277
   35   324   308
   36   799   841
   37   311   396
   38   680   677
   39   389   460
   40   765   759
   41   971   927
   42   686   762
   43   147   238
   44   861   910
   45   670   575
   46     1     3
   47   571   618
   48   927   890
   49   765   799
   50   375   424
   51   135    47
   52   735   760
   53   896   797
   54   638   652
   55   415   345
   56   339   344
   57   930   913
   58   174   123
   59     1    36
   60   744   690
   61   597   549
   62   839   819
   63   806   728
   64   399   435
   65   263   212
   66   655   612
   67   482   437
   68   974   959
   69   789   716
   70   807   818
   71   247   150
   72   625   702
   73   517   606
   74   873   791
   75   104   184
   76   431   497
   77    91   115
   78    97   195
   79   219   305
   80   881   923
   81   276   214
   82   287   214
   83   169   139
   84   329   370
   85   768   710
   86   538   466
   87   768   744
   88   916   948
   89   527   458
   90   484   499
   91  1020   957
   92   307   365
   93   889   813
   94   963   928
   95   389   384
   96   226   237
   97   808   713
   98   178   129
   99   597   604
  100   619   676
  101   379   437
  102   894   904
  103   327   250
  104   686   768
  105   992   969
  106   593   674
  107   445   367
  108   753   819
  109   717   719
  110   435   445
  111    41   115
  112   611   671
  113   951   921
  114   631   665
  115    88    77
  116   815   867
  117   588   559
  118   141   201
  119   424   385
  120   986   965
  121   156   232
  122   168   177
  123   303   260
  124   702   687
  125   148    53
  126   916   863
  127   504   412
  128   543   620
  129   898   963
  130   864   891
  131   123   122
  132   528   593
  133   296   279
  134  1049   960
  135   926   913
  136    19   102
  137   270   233
  138   924   827
  139   859   846
  140   642   580
  141   432   403
  142   211   113
  143    40   127
  144   234   151
  145   101    81
  146   385   434
  147    35    38
  148   346   275
  149   202   177
  150   502   602
  151   540   549
  152    89   113
  153   246   306
  154   806   772
  155   649   578
  156   501   440
  157   713   742
  158   471   487
  159   801   746
  160   246   173
  161   839   793
  162   352   291
  163   519   582
  164   129   142
  165   787   801
  166   466   506
  167   845   803
  168   454   528
  169   109    94
  170   294   297
  171   502   515
  172   267   222
  173   886   929
  174   125   126
  175   818   871
  176   526   531
  177   497   414
  178   261   321
  179   969   910
  180     1    12
  181   792   843
  182   899   957
  183    66   148
  184   532   440
  185   931   849
  186   455   469
  187   466   550
  188    45    57
  189   115   136
  190   363   401
  191   849   850
  192   933   995
  193   277   236
  194   909   976
  195    49     9
  196   911   946
  197   719   668
  198   670   710
  199   455   439
  200   748   845
9312
