200
    1    76    69
    2    90    93
    3    74    71
    4    87    96
    5    33    41
    6    70    63
    7    20    18
    8    21    17
    9    74    70
   10    16     7
   11    37    37
   12    84    84
   13     9    13
   14    80    73
   15    79    70
   16    73    70
   17    99    98
   18    50    57
   19    91    98
   20    95    95
   21    23    26
   22    22    29
   23    83    73
   24    79    72
   25    68    66
   26    75    81
   27     5     3
   28    53    61
   29    25    23
   30    10    12
   31    29    23
   32    35    33
   33    57    57
   34    35    38
   35    18    17
   36    93    86
   37    48    57
   38    40    30
   39    36    45
   40     3    12
   41    27    28
   42    29    39
   43    33    35
   44     1     3
   45   100    96
   46    36    28
   47    41    47
   48    97    99
   49    19    28
   50    18    17
   51    75    72
   52    12    13
   53    91    90
   54    11    21
   55    77    82
   56    44    53
   57    79    86
   58    27    24
   59    92    93
   60    11    19
   61    46    54
   62    41    32
   63    46    53
   64    79    72
   65    88    93
   66    36    41
   67     1     6
   68    47    44
   69    83    89
   70    80    79
   71    52    47
   72    44    51
   73    34    35
   74    98    88
   75    17    25
   76    15    22
   77    69    64
   78    38    40
   79    60    62
   80    64    68
   81    34    27
   82    89    83
   83    57    52
   84    77    79
   85    70    79
   86    36    43
   87    94    85
   88    52    49
   89    69    71
   90    98    96
   91    75    82
   92    43    46
   93    76    82
   94    18    21
   95    24    29
   96    71    78
   97    85    86
   98    64    58
   99    47    37
  100    73    73
  101    42    42
  102    17    17
  103    56    51
  104    19    25
  105    92    94
  106    13    15
  107    13     8
  108    59    68
  109    59    60
  110    75    82
  111    51    48
  112    19    12
  113    39    34
  114    78    86
  115    97    94
  116    52    48
  117    20    20
  118    24    30
  119    93    94
  120    21    22
  121     1     1
  122     5     2
  123    86    89
  124    68    72
  125    56    54
  126    61    68
  127    59    61
  128    84    89
  129    62    52
  130    63    64
  131    21    27
  132   100    94
  133    96   100
  134    91    97
  135    22    22
  136    20    11
  137    48    42
  138    30    28
  139    15    23
  140    31    37
  141    35    36
  142     8     6
  143    22    24
  144    10     4
  145     1     2
  146    93    95
  147    75    79
  148    68    68
  149    64    54
  150     6     7
  151     9     2
  152    80    74
  153    71    67
  154   106    97
  155     9    19
  156    77    73
  157    27    27
  158    80    84
  159    19    23
  160    55    54
  161    16    22
  162     2    12
  163    65    67
  164     5     3
  165    85    78
  166    14    15
  167   103    96
  168    65    61
  169    94    99
  170     8     6
  171    93    92
  172    59    67
  173    31    38
  174   104    95
  175    19    16
  176    29    20
  177     1     3
  178    62    70
  179    42    51
  180    19    21
  181    62    68
  182    78    86
  183    89    89
  184    40    33
  185    71    66
  186    99    98
  187    89    95
  188    36    30
  189    57    49
  190    22    22
  191    24    15
  192    77    76
  193    32    25
  194    25    17
  195    29    38
  196   105    99
  197     1     1
  198     7    11
  199    47    56
  200    17    14
203
