200
    1   384   476
    2    55   104
    3   871   814
    4   480   551
    5   935   928
    6   410   462
    7   845   897
    8   909   816
    9   387   289
   10   197   118
   11   818   752
   12   564   487
   13   440   360
   14   324   400
   15   247   153
   16   858   801
   17   275   193
   18   412   444
   19   697   669
   20   754   826
   21     1    25
   22   446   436
   23   140   168
   24   118   107
   25   376   369
   26   482   460
   27   376   342
   28   116    68
   29   614   610
   30   184    99
   31   314   334
   32    40    24
   33    53   136
   34    91    41
   35   672   656
   36   770   781
   37     1    24
   38   173   193
   39   119    88
   40   145    67
   41   537   443
   42   831   750
   43   211   194
   44   153   170
   45   562   523
   46   948   895
   47   466   414
   48   304   238
   49   277   195
   50   316   348
   51   384   347
   52   731   748
   53   617   657
   54   147   112
   55   468   565
   56   350   428
   57  1024   933
   58   389   359
   59   642   576
   60   289   342
   61   874   881
   62   767   791
   63   298   356
   64   377   471
   65   213   280
   66   188   256
   67   272   177
   68   785   843
   69   622   536
   70   648   574
   71   468   506
   72   198   122
   73   207   202
   74   405   347
   75   117   164
   76   900   861
   77   628   679
   78   173   207
   79   596   653
   80    76   127
   81   675   714
   82   372   354
   83   468   439
   84   172   190
   85   636   650
   86   906   982
   87   189   252
   88  1016  1000
   89   676   622
   90    16    47
   91   648   657
   92   617   689
   93   321   273
   94   713   788
   95   146   196
   96   515   561
   97   442   469
   98   488   581
   99   756   744
  100   478   432
  101   644   561
  102   912   876
  103   731   686
  104   960   900
  105   219   197
  106    54    70
  107   523   611
  108   172   103
  109   696   787
  110   394   337
  111   952   983
  112   578   659
  113   281   293
  114   857   813
  115   591   673
  116   397   399
  117   699   715
  118   811   789
  119   982   997
  120   669   713
  121   327   292
  122   872   877
  123   627   648
  124   442   507
  125   633   553
  126   367   467
  127   856   840
  128   384   288
  129   658   671
  130   562   511
  131   234   246
  132   665   757
  133   191   219
  134   201   260
  135     7     5
  136   932   858
  137     2    45
  138   431   471
  139   176   170
  140   863   912
  141   249   207
  142   742   781
  143   494   411
  144   803   811
  145   454   437
  146   425   518
  147   150    98
  148   492   415
  149   107    85
  150   498   470
  151   202   249
  152   882   949
  153   157    62
  154   614   600
  155   763   702
  156   262   188
  157   252   242
  158   725   771
  159   834   798
  160   908   905
  161   120   117
  162   574   575
  163   815   794
  164   656   562
  165   216   117
  166   742   734
  167   948   999
  168    67    76
  169   568   490
  170   343   381
  171   525   551
  172   621   690
  173   845   805
  174   598   602
  175   325   339
  176   756   711
  177   917   914
  178   318   405
  179   805   826
  180   612   560
  181   692   735
  182   669   745
  183   159   200
  184   336   364
  185   554   501
  186   126   185
  187    70    34
  188   396   477
  189   561   644
  190   203   141
  191   395   350
  192   567   471
  193   526   536
  194   875   908
  195   369   341
  196    69   134
  197   683   616
  198   479   546
  199   682   763
  200   657   721
4824
