500
    1    14    16
    2    21    24
    3     4     6
    4    12    11
    5    18    28
    6    32    30
    7    30    25
    8   109   100
    9    87    81
   10    67    70
   11    95   100
   12    42    51
   13    26    32
   14    47    48
   15   101    93
   16    13     9
   17    54    49
   18    11    12
   19    48    41
   20     8     2
   21    97    93
   22    67    76
   23    49    40
   24    43    43
   25    53    49
   26    36    36
   27    16    22
   28     1     8
   29    19    26
   30    41    51
   31    45    38
   32    20    20
   33    74    80
   34    50    53
   35     1     4
   36    27    21
   37    54    52
   38    12     9
   39    63    64
   40    34    27
   41     3     7
   42    83    86
   43    96    98
   44    74    82
   45    77    71
   46    40    39
   47    53    58
   48    94    86
   49    36    39
   50    24    24
   51    42    47
   52    90    84
   53    20    17
   54    66    72
   55    40    37
   56    15    12
   57    62    53
   58   104    95
   59    25    16
   60   104    94
   61    12    13
   62    66    63
   63    93    84
   64     8     7
   65    56    48
   66    42    52
   67    18    17
   68    23    27
   69    55    56
   70    36    30
   71    63    62
   72    92    94
   73   107    98
   74    55    51
   75   103    96
   76    21    25
   77    38    43
   78    19    19
   79    55    49
   80    34    31
   81    63    66
   82   100    94
   83    30    39
   84    66    58
   85    36    38
   86    44    46
   87     6    12
   88    92   100
   89    81    86
   90    87    95
   91    64    57
   92    12    13
   93    83    85
   94    98   100
   95    17     8
   96    42    33
   97    22    25
   98    40    33
   99    26    36
  100    29    36
  101    84    85
  102    42    48
  103    15    22
  104    30    32
  105    28    25
  106    20    14
  107     1     7
  108    49    39
  109     1     3
  110    30    29
  111    56    51
  112    85    95
  113    17    13
  114    15     9
  115    75    69
  116    38    31
  117    68    71
  118    81    77
  119     9     9
  120    16     9
  121    46    52
  122    87    77
  123    43    36
  124    35    27
  125    51    53
  126    12    19
  127    62    68
  128    64    56
  129    77    79
  130    24    31
  131    68    70
  132    31    21
  133    61    59
  134    63    60
  135    50    45
  136    57    62
  137    51    57
  138     5    15
  139    44    42
  140    52    44
  141    11    11
  142   101    97
  143    94    95
  144    19    19
  145    35    41
  146    44    54
  147    51    58
  148    11     3
  149    90    93
  150    88    86
  151     1     1
  152    31    33
  153    69    70
  154    37    28
  155    26    26
  156    79    84
  157    91    90
  158    50    55
  159   101    98
  160    39    37
  161    79    89
  162    66    59
  163    60    58
  164    92    82
  165    85    81
  166     7    10
  167    86    95
  168    34    24
  169    86    86
  170    58    65
  171    33    39
  172    59    58
  173    36    33
  174    73    78
  175     1     7
  176    93    91
  177    57    66
  178    50    41
  179   100    94
  180    11     8
  181    86    79
  182    39    33
  183     1     4
  184    49    40
  185    11     5
  186    57    53
  187    67    66
  188   107    97
  189    99   100
  190    87    81
  191     1     2
  192    88    95
  193    26    36
  194    96    88
  195    30    21
  196    61    70
  197    54    64
  198    40    34
  199    89    87
  200    39    45
  201    17    11
  202     1     1
  203    31    23
  204    70    71
  205    26    35
  206    94    97
  207    43    48
  208    72    66
  209    68    71
  210    30    33
  211    64    72
  212    71    64
  213    63    59
  214    22    25
  215    79    82
  216    16     7
  217    66    68
  218    95    88
  219    46    53
  220    48    42
  221    72    66
  222    91    97
  223    69    69
  224   107   100
  225    85    80
  226    33    36
  227    57    55
  228    69    73
  229    63    55
  230   102    99
  231    45    37
  232    45    54
  233    54    57
  234    21    26
  235    34    29
  236    63    56
  237    23    29
  238    75    73
  239    87    97
  240     4     9
  241    23    29
  242    99    99
  243    66    57
  244    87    87
  245    19    26
  246    45    55
  247    39    42
  248    72    74
  249    84    76
  250   102    92
  251    76    83
  252     9     3
  253     1     1
  254    20    14
  255    25    35
  256    99    89
  257    70    60
  258    15    12
  259    66    63
  260    61    65
  261    83    91
  262    14    17
  263    87    79
  264    11    15
  265    69    75
  266    72    78
  267    78    86
  268    24    28
  269    43    41
  270    82    79
  271     1     8
  272    71    79
  273    90    80
  274     1    11
  275     4     9
  276    40    34
  277    23    23
  278    27    34
  279    79    73
  280   101    96
  281    68    73
  282   103    94
  283    64    71
  284    56    63
  285    76    76
  286    14    17
  287    84    75
  288     1     1
  289    21    17
  290    46    39
  291    72    66
  292    59    64
  293    98   100
  294    65    62
  295    37    27
  296    70    63
  297    78    86
  298    14    14
  299    60    50
  300    83    80
  301    72    72
  302    94    87
  303    78    74
  304    55    49
  305    30    31
  306    24    20
  307     2    11
  308    81    85
  309    68    68
  310    46    43
  311    84    94
  312    96    86
  313     1    10
  314    56    50
  315    15    22
  316     7    10
  317    30    37
  318    77    77
  319    81    90
  320    17     9
  321    51    58
  322    74    71
  323     6    16
  324    59    58
  325    27    21
  326    60    55
  327    20    30
  328    19    23
  329     2     2
  330    99    93
  331    86    76
  332    51    55
  333     1     1
  334    16    16
  335    56    50
  336    16    23
  337    42    51
  338    86    79
  339    32    28
  340   104    96
  341    63    65
  342     9     6
  343    93    86
  344    90    80
  345     7     4
  346    58    67
  347    34    32
  348    67    66
  349    55    49
  350    48    39
  351    82    80
  352    29    32
  353   108   100
  354    34    32
  355    82    76
  356    50    45
  357    90    91
  358    67    59
  359    57    51
  360    18    14
  361    41    50
  362    46    41
  363    78    81
  364    62    66
  365    61    62
  366    41    43
  367    63    53
  368    15    20
  369     1     3
  370    59    51
  371    15     8
  372    78    70
  373    81    72
  374     1     2
  375    54    56
  376    62    53
  377    42    35
  378    78    86
  379    16    20
  380    53    57
  381    16    15
  382    61    55
  383   102   100
  384    44    39
  385    65    67
  386    74    75
  387     5    11
  388    24    18
  389    93    90
  390    86    88
  391    55    47
  392    47    45
  393    73    71
  394     5     6
  395    77    72
  396    96    97
  397    82    84
  398    30    24
  399     4     2
  400    69    73
  401    66    64
  402    50    53
  403    11    10
  404    45    39
  405    60    66
  406    20    20
  407    12     2
  408    38    30
  409    21    22
  410    86    82
  411    58    59
  412    20    19
  413    73    73
  414    38    45
  415    51    51
  416    46    38
  417     8     7
  418    32    36
  419    97    92
  420    45    40
  421    49    45
  422    28    27
  423    40    33
  424    47    48
  425    57    64
  426    51    41
  427     2     2
  428    86    84
  429    84    82
  430    92    86
  431    44    43
  432    31    34
  433    83    82
  434    45    37
  435    28    35
  436    56    49
  437    41    46
  438    51    56
  439    36    42
  440     1     3
  441    57    66
  442    81    76
  443    89    92
  444    43    50
  445    45    43
  446     6    12
  447    42    33
  448    57    61
  449    53    63
  450    18    15
  451    76    69
  452    18     9
  453     3     5
  454    66    67
  455    27    22
  456    87    82
  457    11    11
  458     1     2
  459    26    19
  460     7     2
  461    30    21
  462    73    70
  463    32    25
  464    45    50
  465    69    68
  466    48    54
  467    83    78
  468    22    22
  469    73    70
  470    69    69
  471    60    56
  472    61    71
  473    80    82
  474     1     4
  475    25    24
  476    84    79
  477    64    59
  478    31    32
  479    83    89
  480    21    15
  481    66    59
  482    12     7
  483    75    83
  484    49    46
  485    81    73
  486    13     5
  487    84    78
  488    20    16
  489    34    41
  490    42    37
  491    25    31
  492    62    71
  493    53    45
  494    53    47
  495    25    35
  496    99    98
  497    72    75
  498    34    25
  499    40    40
  500    28    18
248
