500
    1     8     9
    2     1     1
    3     9     9
    4     6     6
    5     2     1
    6     8     7
    7     1     2
    8     8     7
    9     9     8
   10     1     1
   11     6     5
   12     9     8
   13     1     1
   14     6     7
   15    10    10
   16     4     4
   17     7     6
   18     1     1
   19     4     4
   20     1     1
   21    10    10
   22    10     9
   23     7     7
   24     8     8
   25     7     6
   26     8     7
   27     9     9
   28    10     9
   29     8     9
   30     9    10
   31     7     7
   32     4     3
   33     8     7
   34     9    10
   35     1     1
   36     5     6
   37     1     1
   38     9     8
   39     1     1
   40     3     4
   41     7     8
   42     7     7
   43     3     3
   44     2     3
   45     3     2
   46     2     2
   47     6     7
   48     2     3
   49     7     8
   50     6     7
   51    10    10
   52    10     9
   53    11    10
   54     9     9
   55     9    10
   56     5     5
   57     5     4
   58     3     2
   59     2     3
   60     6     5
   61    10    10
   62     7     8
   63     6     5
   64     2     2
   65     6     7
   66     1     1
   67     6     6
   68     7     6
   69     9     9
   70     6     7
   71     6     7
   72     8     9
   73     5     5
   74     8     8
   75     2     3
   76     1     2
   77     9     8
   78     5     6
   79     9    10
   80    11    10
   81     7     7
   82     4     3
   83     1     2
   84     2     1
   85     9     9
   86     4     3
   87     8     7
   88    10     9
   89     1     1
   90    10    10
   91     2     2
   92     6     6
   93     2     2
   94     8     9
   95     4     5
   96     2     2
   97     4     4
   98     4     4
   99     6     5
  100     2     1
  101     4     4
  102     4     5
  103     9     9
  104     2     1
  105     8     8
  106     6     5
  107     9     8
  108     7     8
  109     7     8
  110     8     8
  111     1     2
  112     5     6
  113     3     2
  114     9    10
  115     2     2
  116     1     2
  117     7     8
  118     3     4
  119     9    10
  120     9     8
  121     8     9
  122     2     2
  123     3     3
  124     2     2
  125     3     4
  126     3     4
  127     3     3
  128     4     3
  129     7     6
  130     5     4
  131     9     9
  132     6     6
  133     9    10
  134     6     7
  135    10    10
  136     1     1
  137     6     6
  138     3     2
  139    10     9
  140     3     3
  141     7     6
  142    10    10
  143     5     6
  144     5     6
  145     2     2
  146     8     7
  147     8     9
  148     2     2
  149     7     8
  150     4     3
  151     7     8
  152     4     4
  153     2     3
  154     2     1
  155     1     1
  156     8     7
  157     8     9
  158     6     6
  159     1     1
  160    10    10
  161     3     4
  162     7     6
  163     1     1
  164     1     1
  165     7     8
  166     4     3
  167     3     4
  168     6     5
  169     7     7
  170     9     8
  171     7     8
  172     1     1
  173     5     4
  174     4     5
  175    10    10
  176     9    10
  177     1     1
  178     7     8
  179     8     9
  180     2     3
  181     1     2
  182    10    10
  183     4     5
  184     3     3
  185    10    10
  186     3     4
  187     9     9
  188     9    10
  189     5     5
  190    11    10
  191     1     1
  192     7     6
  193     3     3
  194     6     5
  195     6     6
  196     6     5
  197     6     7
  198    10     9
  199     7     8
  200     3     4
  201     3     4
  202     3     2
  203     7     8
  204     3     2
  205     5     4
  206     5     6
  207     9     9
  208     6     7
  209     1     2
  210     7     6
  211     4     3
  212     3     3
  213     6     6
  214    11    10
  215     1     1
  216     1     2
  217    10     9
  218     8     7
  219     4     4
  220     9     9
  221     2     3
  222     2     2
  223     8     8
  224     9     9
  225    10     9
  226     4     3
  227     9    10
  228    11    10
  229     9    10
  230     3     2
  231     2     2
  232     7     7
  233     5     4
  234     8     7
  235     8     8
  236     3     3
  237     3     4
  238     4     4
  239     4     4
  240     3     4
  241     5     6
  242     8     8
  243     9    10
  244     2     2
  245    10     9
  246     1     2
  247     6     5
  248     5     5
  249     4     3
  250     6     7
  251     7     8
  252     7     8
  253     1     2
  254     9     9
  255     3     4
  256     7     6
  257     4     3
  258     5     5
  259     5     4
  260     9     8
  261    11    10
  262     8     8
  263    10    10
  264     4     4
  265     4     4
  266     4     3
  267    10     9
  268    10     9
  269     6     6
  270     6     6
  271     2     3
  272     1     2
  273     4     5
  274     5     4
  275     9     8
  276     2     3
  277     7     6
  278    10     9
  279     4     4
  280     9     9
  281     8     8
  282     1     1
  283     2     2
  284     9    10
  285     8     7
  286     3     2
  287     1     2
  288     2     2
  289     7     8
  290     5     4
  291     9     9
  292     1     1
  293     1     1
  294     3     3
  295     5     4
  296     9     8
  297     2     3
  298     4     3
  299     7     7
  300    10     9
  301     7     7
  302     7     6
  303     5     5
  304    10    10
  305     8     8
  306     6     5
  307    10    10
  308     2     2
  309     6     7
  310     6     6
  311     7     7
  312     2     1
  313     1     1
  314     6     7
  315     8     9
  316     4     5
  317     9     8
  318     9    10
  319     4     3
  320    10    10
  321     6     5
  322     3     2
  323    10     9
  324     3     3
  325     7     8
  326     4     4
  327     6     7
  328     3     2
  329     1     1
  330     9     8
  331     8     7
  332     5     4
  333    11    10
  334    10     9
  335     6     5
  336     3     4
  337     8     8
  338     4     4
  339     1     1
  340     7     7
  341     9     8
  342     6     7
  343     8     9
  344     9     9
  345     8     7
  346     6     6
  347     4     3
  348     4     3
  349     4     4
  350     4     4
  351    10     9
  352     4     3
  353     7     7
  354     4     5
  355     2     3
  356     4     4
  357     2     2
  358     2     2
  359    10    10
  360     4     5
  361     8     7
  362     1     2
  363     1     2
  364    10     9
  365     1     1
  366    10    10
  367     6     6
  368     4     3
  369    11    10
  370     2     2
  371     7     7
  372     2     1
  373     6     7
  374     3     3
  375     8     7
  376     3     4
  377     9     8
  378     4     3
  379     4     5
  380     3     4
  381     5     4
  382     3     2
  383     4     5
  384     1     2
  385     3     2
  386     4     4
  387     9    10
  388     6     5
  389     2     3
  390     2     1
  391     2     2
  392     1     2
  393     8     8
  394    10     9
  395     6     7
  396     5     6
  397     7     7
  398     1     1
  399     3     3
  400     5     4
  401     9     9
  402     7     6
  403     7     7
  404     7     6
  405     2     3
  406     6     5
  407     3     3
  408     6     7
  409     9     9
  410     2     1
  411     7     8
  412    10    10
  413     1     2
  414    11    10
  415     4     4
  416     2     3
  417     6     6
  418     6     5
  419     6     7
  420     8     7
  421    11    10
  422     6     6
  423     9     8
  424     2     1
  425     2     1
  426    10    10
  427     7     7
  428     4     5
  429     5     5
  430     6     5
  431     4     4
  432     4     5
  433     1     1
  434     6     6
  435     4     4
  436    10    10
  437     2     1
  438     8     9
  439     4     5
  440     9    10
  441     6     7
  442     1     1
  443     8     9
  444     3     3
  445     5     6
  446     2     3
  447     5     6
  448    10    10
  449     9    10
  450     1     2
  451     3     4
  452     9     8
  453     1     2
  454     3     2
  455     6     5
  456     4     3
  457     9     8
  458     7     7
  459     9    10
  460     6     5
  461     3     4
  462     1     1
  463     9    10
  464     3     3
  465     4     3
  466     3     3
  467     3     3
  468     8     7
  469     7     7
  470     9    10
  471     2     1
  472    10    10
  473     8     9
  474     4     3
  475     2     1
  476     3     2
  477     1     2
  478     4     5
  479     2     2
  480     5     6
  481     3     2
  482     5     6
  483     7     6
  484     9     9
  485     5     6
  486     4     4
  487     7     7
  488     1     1
  489     5     6
  490     9    10
  491     9     8
  492     7     6
  493     6     6
  494     9     8
  495     5     6
  496     8     7
  497     4     4
  498     7     8
  499     1     1
  500     9     9
275
