500
    1   183   122
    2   482   414
    3     1    36
    4   133   181
    5   937   854
    6   235   196
    7   832   911
    8   718   734
    9   190   111
   10    79    44
   11   731   726
   12   746   669
   13   435   446
   14   608   598
   15   551   647
   16     1    31
   17   402   495
   18   745   802
   19   448   355
   20   635   688
   21   895   959
   22   979   930
   23   265   254
   24   416   401
   25   428   335
   26   294   274
   27   332   332
   28   922   962
   29   947   968
   30   836   825
   31   591   660
   32   782   798
   33   554   582
   34   412   423
   35   896   830
   36   331   251
   37   629   662
   38  1020   951
   39   808   726
   40   986   897
   41   169   201
   42   976   892
   43   240   320
   44   950   976
   45   709   673
   46   501   517
   47   637   636
   48   417   412
   49   181   217
   50   214   162
   51   433   497
   52   204   242
   53   304   263
   54   477   518
   55     1    27
   56   730   794
   57   571   619
   58   245   301
   59   629   670
   60   536   492
   61    63    47
   62    80   101
   63   245   170
   64   891   989
   65   663   638
   66   382   430
   67     1    47
   68   917   961
   69   639   622
   70   267   276
   71   179   184
   72    85     8
   73   876   824
   74   646   625
   75   224   154
   76   883   867
   77   321   285
   78   211   213
   79   533   475
   80   450   405
   81   701   640
   82   490   424
   83   718   765
   84   842   748
   85   693   768
   86   439   388
   87   877   858
   88   365   350
   89   125   204
   90   933   997
   91     1     7
   92   624   527
   93   738   679
   94   465   394
   95   600   602
   96   908   871
   97   284   347
   98   545   483
   99  1087   990
  100   930   958
  101   877   799
  102   622   538
  103   207   228
  104   396   466
  105   732   811
  106   882   916
  107   439   409
  108   608   597
  109   984   969
  110   798   783
  111    33    93
  112  1036   977
  113   770   803
  114   269   211
  115   418   471
  116   163   165
  117   981   969
  118   171    83
  119   560   627
  120   759   735
  121   438   498
  122   274   227
  123   314   342
  124   513   417
  125   300   303
  126   693   769
  127    32    54
  128   704   622
  129   538   525
  130   584   645
  131   390   484
  132   535   515
  133   714   689
  134   277   234
  135   620   699
  136   562   560
  137   217   275
  138   310   293
  139   558   656
  140    49    78
  141    82   109
  142   756   763
  143   470   553
  144   361   289
  145   854   763
  146   272   236
  147   956   952
  148   540   485
  149   660   715
  150   169   228
  151   885   951
  152   527   515
  153   138   116
  154    43    14
  155   820   764
  156   140   210
  157   745   816
  158   877   913
  159   225   148
  160   239   271
  161   685   603
  162   635   717
  163   664   576
  164   269   272
  165   355   275
  166   179   172
  167   600   597
  168   823   850
  169   546   512
  170   144    99
  171   313   245
  172   449   424
  173   224   243
  174   583   664
  175     1    73
  176   371   301
  177   828   840
  178   299   299
  179   924   960
  180   315   334
  181   318   357
  182   705   639
  183   630   726
  184   241   178
  185   765   827
  186   587   543
  187   495   424
  188   323   363
  189   608   546
  190    98    11
  191   369   276
  192   683   709
  193   927   862
  194   657   698
  195   202   155
  196   846   876
  197   665   590
  198   635   640
  199   396   425
  200  1011   983
  201   532   521
  202  1067   999
  203   313   217
  204   704   769
  205   351   369
  206   168    71
  207   728   650
  208   215   236
  209     1    17
  210   402   439
  211   423   502
  212    28   126
  213   371   353
  214   925   883
  215   438   512
  216   495   469
  217   214   294
  218   967   886
  219   537   483
  220   940   844
  221   621   604
  222   171   119
  223   590   567
  224   123    70
  225   412   462
  226     8    38
  227   884   829
  228   271   311
  229    16   113
  230   771   765
  231     1    39
  232   333   256
  233   710   679
  234   298   280
  235   152   171
  236   562   530
  237   130   119
  238   452   407
  239   282   207
  240   223   127
  241   293   367
  242   836   761
  243   735   707
  244   269   325
  245   815   772
  246   546   457
  247   172   252
  248   495   396
  249   391   382
  250   470   530
  251   566   501
  252    69   133
  253   539   631
  254   395   452
  255   928   893
  256   346   267
  257    74   146
  258   768   678
  259     1    13
  260   875   843
  261    16   101
  262   842   915
  263   385   409
  264   511   605
  265   748   785
  266   102    16
  267   723   644
  268   478   570
  269   918   951
  270   769   801
  271   716   630
  272   436   453
  273     1    34
  274   732   817
  275   261   247
  276   807   780
  277   116    81
  278   657   632
  279    31    19
  280    21    38
  281   119   187
  282   266   340
  283   594   501
  284   528   557
  285   895   970
  286   151   107
  287   670   717
  288   252   203
  289   441   451
  290   766   725
  291    15    44
  292    89    38
  293   143   162
  294   739   772
  295  1041   989
  296   268   285
  297   875   912
  298   257   188
  299   119   212
  300   200   170
  301   199   134
  302   523   437
  303   546   552
  304   547   511
  305   318   369
  306   191   142
  307   884   969
  308   540   563
  309   913   822
  310   296   345
  311    18    76
  312   367   324
  313   897   812
  314    57   148
  315     1    60
  316   248   300
  317   870   943
  318     1    59
  319   591   632
  320   122   127
  321   731   640
  322  1048   961
  323   414   386
  324    77   128
  325   724   759
  326   645   661
  327   394   364
  328   960   985
  329   990   924
  330   431   495
  331   359   338
  332   483   425
  333   557   479
  334   503   538
  335   497   516
  336   416   469
  337   176   149
  338   912   817
  339   873   850
  340   429   426
  341   411   331
  342   871   924
  343     1    40
  344   241   310
  345   450   522
  346   336   297
  347   763   730
  348    23    28
  349   804   843
  350   110    61
  351   619   622
  352   640   670
  353   700   626
  354    53    98
  355   284   214
  356   510   451
  357   122   205
  358   196   105
  359   363   389
  360   485   552
  361   832   796
  362   295   239
  363   733   655
  364   661   688
  365   108   144
  366    69   137
  367   266   227
  368   366   318
  369   250   181
  370   942   993
  371    90   154
  372   500   520
  373   732   786
  374   184   208
  375    10     6
  376   274   243
  377   795   749
  378    44    60
  379   586   598
  380     1    11
  381   821   745
  382   237   169
  383    87   182
  384   358   377
  385   444   489
  386   393   417
  387   893   857
  388    96   148
  389   880   804
  390   536   622
  391   644   657
  392   790   707
  393     5    73
  394   585   604
  395   572   634
  396   171    87
  397   471   482
  398   677   698
  399   301   244
  400   510   459
  401   107    50
  402   399   463
  403   233   152
  404   616   565
  405   701   792
  406   145    46
  407   842   760
  408   216   316
  409   633   716
  410   165   244
  411   575   649
  412   262   281
  413   332   319
  414   871   815
  415   449   353
  416   270   272
  417   950   925
  418   866   838
  419   896   850
  420   362   326
  421   584   611
  422   533   509
  423   196   223
  424   335   354
  425   688   602
  426    75    23
  427   253   340
  428   230   254
  429    53    84
  430   104     4
  431   311   353
  432   776   716
  433   818   900
  434   769   715
  435   697   757
  436   944   859
  437   609   672
  438   193   182
  439   277   260
  440   678   737
  441   668   568
  442  1051   954
  443   835   738
  444   437   528
  445   458   405
  446    95   158
  447    75    71
  448   575   507
  449   136   125
  450   135    89
  451   137   203
  452   977   927
  453   422   403
  454   125    61
  455    53   136
  456   566   524
  457   909   817
  458   396   384
  459   319   333
  460   346   260
  461   121    95
  462   231   256
  463   495   487
  464   552   504
  465   630   594
  466   727   732
  467   430   528
  468   267   264
  469    90   112
  470   474   391
  471  1069   970
  472   952   881
  473   197   224
  474   496   502
  475   501   482
  476   406   477
  477   440   365
  478   851   926
  479   568   615
  480   803   809
  481   316   217
  482   602   601
  483  1034   977
  484   831   768
  485   189   203
  486   785   879
  487   719   748
  488   360   402
  489     1    51
  490   500   519
  491   768   837
  492   902   817
  493   633   731
  494   456   429
  495   952   873
  496   902   968
  497   469   437
  498   740   763
  499   193   130
  500   250   284
7183
