50
    1   384   476
    2    55   104
    3   871   814
    4   480   551
    5   935   928
    6   410   462
    7   845   897
    8   909   816
    9   387   289
   10   197   118
   11   818   752
   12   564   487
   13   440   360
   14   324   400
   15   247   153
   16   858   801
   17   275   193
   18   412   444
   19   697   669
   20   754   826
   21     1    25
   22   446   436
   23   140   168
   24   118   107
   25   376   369
   26   482   460
   27   376   342
   28   116    68
   29   614   610
   30   184    99
   31   314   334
   32    40    24
   33    53   136
   34    91    41
   35   672   656
   36   770   781
   37     1    24
   38   173   193
   39   119    88
   40   145    67
   41   537   443
   42   831   750
   43   211   194
   44   153   170
   45   562   523
   46   948   895
   47   466   414
   48   304   238
   49   277   195
   50   316   348
1001
