500
    1    79    83
    2    64    63
    3    10     9
    4     1     6
    5    60    67
    6    54    61
    7    81    76
    8    62    63
    9    60    60
   10    80    77
   11    76    67
   12    85    90
   13    17     7
   14    84    75
   15    86    84
   16    31    32
   17    88    88
   18    24    31
   19    35    40
   20     1     5
   21    19    24
   22   102    95
   23     6    15
   24    43    42
   25    14    20
   26    99    91
   27    20    29
   28    77    75
   29   103    97
   30    79    86
   31    91    93
   32    23    15
   33    65    63
   34   102    92
   35    89    95
   36    66    76
   37    83    91
   38    54    56
   39    79    79
   40    72    74
   41     6     6
   42     7     9
   43     1     1
   44    29    37
   45    57    50
   46    11    14
   47    25    29
   48    82    77
   49     3    10
   50    77    79
   51    29    22
   52    32    31
   53    84    76
   54    63    55
   55    95   100
   56    43    51
   57    84    80
   58    91    94
   59    57    59
   60    65    65
   61    63    56
   62   103    98
   63    52    59
   64    67    70
   65    62    67
   66    25    23
   67   104    96
   68    47    42
   69    35    35
   70    78    69
   71    67    65
   72    54    45
   73    19    17
   74     1     6
   75    62    55
   76   104   100
   77    92    94
   78    14    22
   79    86    92
   80    90    86
   81     9     1
   82    79    73
   83    33    26
   84    44    49
   85    77    69
   86    26    21
   87    76    71
   88   101    99
   89    81    73
   90   107    98
   91    31    32
   92    88    84
   93     9    16
   94    46    55
   95    18    11
   96    46    44
   97    50    52
   98    56    56
   99    47    51
  100    35    39
  101    90    80
  102    31    35
  103    81    73
  104    18    27
  105    62    52
  106    63    73
  107    13    14
  108    91    90
  109    69    62
  110    50    44
  111    65    70
  112    62    54
  113    59    52
  114    86    88
  115    96   100
  116    55    50
  117    61    62
  118    53    48
  119   110   100
  120    49    52
  121    31    35
  122    53    52
  123     9     7
  124    44    42
  125    11     4
  126     7    14
  127    20    19
  128    80    87
  129    82    90
  130     1    10
  131    10    17
  132    73    72
  133    81    90
  134    70    71
  135    42    36
  136     1     5
  137    46    48
  138     4    14
  139    73    65
  140    37    39
  141    79    78
  142     1     4
  143   107    98
  144    62    66
  145    25    20
  146    99    93
  147    62    65
  148     6    10
  149    74    68
  150    89    81
  151    58    48
  152    76    72
  153    64    57
  154    47    55
  155    39    33
  156    42    51
  157     7     5
  158    62    58
  159    11    21
  160    66    56
  161    57    60
  162    41    38
  163    83    73
  164    19    21
  165    54    56
  166    10     1
  167     1     2
  168    32    39
  169    71    81
  170    64    56
  171    63    62
  172    68    65
  173    62    72
  174    60    57
  175     5    14
  176    59    50
  177    18    25
  178   102    92
  179     9     1
  180   107    99
  181    48    54
  182    13     4
  183    19    11
  184    86    95
  185    35    36
  186    18    24
  187    13    21
  188    77    76
  189    40    39
  190    68    60
  191    33    37
  192    13    14
  193    90    99
  194    40    47
  195    90    92
  196    79    69
  197    35    31
  198    78    81
  199    79    70
  200    83    76
  201    68    74
  202    54    44
  203    59    54
  204    22    14
  205    40    30
  206    41    32
  207    32    35
  208    14     9
  209     1     6
  210    29    28
  211     9     3
  212    65    59
  213    52    42
  214    47    52
  215    82    89
  216    70    70
  217    12    11
  218     1     7
  219    75    84
  220   106    97
  221    47    53
  222    25    20
  223    67    60
  224    18    19
  225    74    67
  226    89    91
  227    57    66
  228    30    32
  229    44    54
  230    13     6
  231    98    92
  232    63    65
  233    79    84
  234    98    93
  235    58    48
  236    63    67
  237    76    72
  238    84    92
  239     6     4
  240    99    96
  241    80    88
  242    66    66
  243    77    80
  244    93    94
  245     9    13
  246    46    38
  247    34    25
  248    56    53
  249    31    27
  250    76    79
  251    32    42
  252    53    58
  253    39    32
  254    52    49
  255    94    86
  256    14     8
  257     7     7
  258    22    19
  259    39    42
  260    60    68
  261    56    50
  262    70    60
  263    85    82
  264    78    82
  265    35    34
  266    56    57
  267    51    41
  268    49    47
  269    45    48
  270    54    62
  271    31    31
  272    28    18
  273    63    63
  274    54    58
  275    46    40
  276    94    89
  277    58    50
  278     1     1
  279    94    88
  280    60    67
  281    46    52
  282    76    77
  283    38    30
  284    98    94
  285     4     3
  286    36    32
  287    99    98
  288    67    60
  289    59    64
  290    90    90
  291    37    41
  292    75    75
  293    36    39
  294    99    93
  295    48    42
  296    45    38
  297    84    77
  298    47    49
  299    56    65
  300   100    99
  301    22    15
  302    14    14
  303    61    69
  304    46    40
  305    83    90
  306    44    43
  307    63    62
  308     5     4
  309     3    11
  310    38    46
  311    23    33
  312   103    93
  313    74    69
  314    63    69
  315    71    81
  316    59    53
  317    41    32
  318    90    88
  319    64    61
  320    53    44
  321    92    93
  322    46    42
  323    58    59
  324    82    73
  325    98   100
  326   104    98
  327     5     1
  328    66    70
  329     6     1
  330    38    48
  331    91    95
  332    78    74
  333    81    72
  334    76    67
  335    75    81
  336    58    58
  337    98    90
  338     9    14
  339     3     7
  340    29    27
  341    35    44
  342    64    69
  343    19    25
  344    81    87
  345    23    19
  346    83    74
  347    52    55
  348    65    61
  349   109   100
  350    64    62
  351    20    27
  352    13    15
  353    25    19
  354    34    39
  355     8     7
  356    46    40
  357    17    10
  358    14    18
  359    60    62
  360    64    69
  361    71    61
  362    89    84
  363    64    68
  364    97    89
  365    16    21
  366    44    46
  367    39    40
  368    38    35
  369    21    30
  370    24    22
  371    67    71
  372    34    41
  373    51    43
  374    19    25
  375     8     7
  376    45    44
  377    52    62
  378    55    49
  379    85    95
  380    55    48
  381    72    74
  382    14     6
  383    73    63
  384    99    94
  385    78    70
  386    32    22
  387    87    94
  388    91    97
  389    87    89
  390    30    35
  391     1    10
  392    62    60
  393    32    26
  394    71    73
  395     6    15
  396    46    36
  397    48    51
  398     7     7
  399    21    29
  400    39    48
  401    87    91
  402    70    64
  403    12     5
  404    17    10
  405    29    29
  406    31    31
  407     1     5
  408    57    53
  409    52    45
  410    73    77
  411   101    98
  412    55    58
  413    51    56
  414    50    40
  415    85    82
  416    27    29
  417    94    90
  418    64    63
  419    82    91
  420    88    91
  421     1     4
  422    22    14
  423    44    48
  424    93    95
  425    33    23
  426    37    28
  427     8     9
  428    46    55
  429    96    93
  430    77    77
  431    60    54
  432    86    93
  433    72    73
  434    35    36
  435    67    62
  436    69    60
  437    84    85
  438    59    51
  439    74    77
  440    68    74
  441    49    45
  442    85    95
  443    84    75
  444    39    45
  445    39    34
  446    12    19
  447    89    88
  448    41    44
  449    71    78
  450    93    98
  451    31    40
  452    97   100
  453    95    96
  454    76    70
  455    11    21
  456     4     1
  457    15    10
  458    70    65
  459    75    66
  460    36    29
  461    78    80
  462    55    45
  463    66    68
  464     7     9
  465    96    87
  466    33    25
  467    77    81
  468    50    45
  469    55    65
  470    85    76
  471    45    35
  472    25    30
  473    59    57
  474   104    95
  475     7     3
  476   101    94
  477     8     6
  478     7    11
  479    92    84
  480    48    42
  481    59    62
  482    56    62
  483    78    82
  484    29    25
  485     1     4
  486    77    68
  487    23    25
  488     5    15
  489    51    48
  490   102   100
  491    73    74
  492    36    30
  493    11    20
  494    90    86
  495    18    18
  496    22    17
  497    49    42
  498    89    88
  499    57    59
  500    58    53
2105
