500
    1    10     9
    2     3     3
    3     1     1
    4     6     6
    5     2     1
    6     4     3
    7     7     8
    8     8     7
    9    11    10
   10     7     7
   11     7     7
   12     4     4
   13     2     3
   14     4     3
   15    10    10
   16    10    10
   17     9     8
   18     6     7
   19     7     8
   20     5     5
   21     6     6
   22     8     9
   23     4     3
   24     3     2
   25     5     6
   26     1     1
   27     2     3
   28     2     1
   29     2     3
   30     3     2
   31     3     3
   32     2     3
   33     7     7
   34     8     8
   35     8     7
   36     7     6
   37     7     7
   38    11    10
   39     5     5
   40     2     2
   41     7     8
   42     8     9
   43     6     5
   44     4     3
   45     7     6
   46     7     8
   47     7     7
   48    10     9
   49     8     8
   50     8     7
   51     2     2
   52     2     3
   53    11    10
   54     1     1
   55     3     2
   56     3     3
   57     5     6
   58     4     4
   59     2     3
   60    10     9
   61     5     4
   62     2     2
   63     2     3
   64     3     2
   65     4     3
   66     2     1
   67     5     6
   68     4     4
   69     9     9
   70    10     9
   71     6     7
   72     1     1
   73     4     5
   74     9     8
   75     6     5
   76     1     2
   77     3     4
   78    11    10
   79     3     2
   80     7     8
   81     8     7
   82     3     3
   83     1     2
   84    10     9
   85     9     9
   86     2     3
   87     5     5
   88     9     9
   89     2     1
   90     5     6
   91     1     2
   92     6     6
   93     2     2
   94     1     1
   95    10     9
   96     7     8
   97     5     6
   98     8     8
   99     8     7
  100     3     3
  101     2     2
  102     7     7
  103     1     1
  104     5     5
  105     5     4
  106     6     5
  107     7     8
  108     8     8
  109     9    10
  110     1     2
  111     8     8
  112     3     2
  113     3     4
  114     7     6
  115     4     4
  116     9     8
  117    10    10
  118    10    10
  119     3     4
  120     1     2
  121     1     1
  122     2     2
  123     9     9
  124     1     2
  125     3     4
  126     7     8
  127     2     1
  128    10     9
  129     3     2
  130     3     4
  131     7     7
  132     4     4
  133     9    10
  134     7     7
  135     2     2
  136     1     1
  137     2     2
  138     7     8
  139     4     3
  140     7     7
  141     5     6
  142     5     6
  143     5     4
  144     4     4
  145     2     2
  146     6     5
  147     8     9
  148     8     8
  149     5     4
  150     6     7
  151     3     2
  152     4     4
  153     8     7
  154     7     7
  155     8     9
  156     4     3
  157     7     7
  158     3     4
  159     2     3
  160     5     4
  161     2     2
  162     1     2
  163     8     7
  164     2     3
  165     9     8
  166     4     5
  167     7     6
  168     2     1
  169    10     9
  170     5     6
  171     3     2
  172     8     7
  173     7     8
  174     5     5
  175     6     6
  176    10    10
  177     3     3
  178    11    10
  179     1     1
  180     2     1
  181     8     8
  182     7     6
  183     9     9
  184     4     3
  185     5     6
  186     9     8
  187     5     5
  188    10    10
  189     8     9
  190     2     2
  191     5     5
  192     7     6
  193     6     5
  194     6     7
  195     8     8
  196     9     9
  197     2     1
  198     1     1
  199     6     6
  200     4     4
  201    11    10
  202    10    10
  203    11    10
  204    10    10
  205     8     8
  206     9    10
  207     5     5
  208     1     1
  209     8     8
  210    10    10
  211     1     1
  212     9     9
  213     7     6
  214     8     8
  215     7     7
  216     8     8
  217     1     1
  218     1     1
  219     3     4
  220     4     3
  221     6     5
  222     9     8
  223     9     8
  224    10     9
  225     1     1
  226     6     7
  227     3     2
  228     5     6
  229     5     4
  230     8     8
  231     8     8
  232     6     5
  233     8     8
  234    10     9
  235     6     6
  236     3     3
  237     8     8
  238    10    10
  239     7     6
  240     2     2
  241     2     2
  242    10    10
  243     3     2
  244     9    10
  245     5     5
  246     2     2
  247     6     7
  248     4     5
  249     5     5
  250     2     1
  251     3     2
  252     7     8
  253     2     2
  254     4     3
  255     4     4
  256     9     8
  257     2     3
  258     1     1
  259     8     8
  260     9    10
  261     2     2
  262     7     6
  263     5     4
  264     9    10
  265     7     6
  266     8     7
  267     4     5
  268     4     5
  269     3     2
  270     9    10
  271    10     9
  272     2     2
  273     6     7
  274     9    10
  275     7     8
  276     6     7
  277     5     6
  278     6     7
  279     6     6
  280     3     3
  281     4     4
  282     1     1
  283     6     6
  284    10    10
  285     2     3
  286     3     2
  287    11    10
  288     1     2
  289    10    10
  290     2     2
  291     5     5
  292     1     1
  293     7     7
  294     6     7
  295     9     8
  296     5     4
  297    10     9
  298     5     5
  299     2     1
  300     5     5
  301     8     7
  302     2     2
  303     6     7
  304     4     4
  305     4     4
  306     1     1
  307     9    10
  308     4     4
  309     5     5
  310     3     4
  311     4     5
  312    10     9
  313     1     1
  314     6     5
  315     7     7
  316    10     9
  317     5     4
  318     4     4
  319     6     7
  320     4     4
  321     8     9
  322     7     6
  323     1     1
  324     9     9
  325    11    10
  326     2     2
  327     8     7
  328     9    10
  329     8     7
  330     5     4
  331     6     7
  332     7     6
  333    11    10
  334     4     3
  335     4     3
  336     2     2
  337    10    10
  338     7     8
  339     8     9
  340     6     7
  341     8     8
  342     6     5
  343     3     3
  344     4     5
  345     4     3
  346     3     2
  347     8     7
  348     1     1
  349    11    10
  350     9    10
  351     2     1
  352     2     1
  353     6     7
  354    10     9
  355     4     5
  356     5     4
  357     1     2
  358     2     2
  359     4     4
  360     9     9
  361     3     3
  362     9    10
  363     1     2
  364     8     7
  365     8     9
  366     7     6
  367     6     6
  368     3     3
  369     3     2
  370     7     8
  371     1     1
  372     6     5
  373     4     3
  374     5     5
  375     6     7
  376     4     4
  377     9     8
  378     3     3
  379     8     9
  380     4     4
  381    10    10
  382     2     2
  383     6     5
  384     1     2
  385     4     4
  386     5     6
  387     9     8
  388     8     7
  389     6     7
  390     9     9
  391     7     8
  392     5     6
  393     1     2
  394    10     9
  395     9     9
  396     8     8
  397     9     9
  398     7     7
  399     9     9
  400    11    10
  401     3     3
  402     5     4
  403     2     1
  404     7     6
  405     5     5
  406     7     7
  407     2     1
  408     8     9
  409     8     9
  410    10     9
  411     9    10
  412     3     4
  413     9    10
  414     9    10
  415     7     8
  416     9     9
  417     9    10
  418     3     3
  419     1     1
  420     2     3
  421     4     4
  422     7     8
  423     8     8
  424     6     5
  425     8     9
  426     1     2
  427     6     7
  428     6     5
  429     4     3
  430    10     9
  431     3     4
  432     9     9
  433     8     7
  434    11    10
  435     7     6
  436    11    10
  437    10     9
  438     8     9
  439     6     5
  440    11    10
  441     1     1
  442     4     5
  443     8     9
  444     3     3
  445     9     8
  446     4     5
  447     6     6
  448     8     8
  449     5     4
  450     8     8
  451     5     6
  452     3     2
  453     4     4
  454    10    10
  455     8     9
  456     7     7
  457     9     8
  458     8     7
  459     7     6
  460     6     7
  461     7     8
  462     8     7
  463    10    10
  464     2     3
  465     8     7
  466     2     3
  467     8     9
  468     8     9
  469     1     1
  470     5     4
  471     9     9
  472     2     2
  473     8     7
  474     2     3
  475     8     9
  476     3     2
  477     9     8
  478    10     9
  479     1     2
  480     2     2
  481     7     8
  482    11    10
  483     5     4
  484     8     7
  485     3     4
  486     2     2
  487     4     3
  488     8     9
  489     3     2
  490     4     4
  491     9     8
  492     4     4
  493     3     4
  494     8     8
  495     3     4
  496    10     9
  497     6     6
  498    10    10
  499     5     5
  500     1     1
56
