500
    1     3     2
    2     3     4
    3     7     6
    4     1     1
    5     3     4
    6     6     6
    7     1     1
    8     3     4
    9     2     1
   10     3     4
   11     5     6
   12     8     9
   13     7     6
   14     9     8
   15     7     7
   16     1     1
   17     5     5
   18     2     2
   19     5     5
   20     9     8
   21     8     9
   22    11    10
   23     3     4
   24     1     1
   25     5     5
   26     3     4
   27     2     2
   28     1     2
   29     8     8
   30     4     5
   31    10    10
   32     7     8
   33     1     2
   34     4     3
   35    10    10
   36     1     1
   37     2     2
   38     1     1
   39     7     6
   40     6     7
   41     2     1
   42     2     2
   43    11    10
   44     7     6
   45     3     3
   46     6     7
   47     7     6
   48     1     2
   49     7     7
   50     3     2
   51     6     7
   52     3     2
   53     2     3
   54     9     8
   55     8     7
   56     3     4
   57     9     9
   58     2     1
   59    11    10
   60     1     2
   61     8     7
   62     1     1
   63    10    10
   64    10     9
   65     9     8
   66    10    10
   67     7     7
   68     2     1
   69     1     2
   70     6     6
   71     5     4
   72     7     8
   73     5     4
   74     5     5
   75     5     4
   76     8     7
   77     5     5
   78     4     3
   79     6     5
   80     5     5
   81    11    10
   82     4     4
   83     6     5
   84     9     8
   85     8     8
   86     8     8
   87     9     8
   88    10    10
   89     3     4
   90     6     7
   91     6     7
   92     8     7
   93     8     9
   94     3     4
   95     3     2
   96     2     1
   97     7     7
   98     2     3
   99    11    10
  100     7     8
  101     9     9
  102     8     8
  103     8     8
  104     5     6
  105     1     1
  106     5     6
  107     9     9
  108     6     7
  109     9     9
  110     3     3
  111     3     3
  112     6     7
  113     3     3
  114     2     1
  115     2     1
  116     6     5
  117     9     9
  118     4     3
  119     6     7
  120     5     5
  121     8     8
  122     6     7
  123     1     2
  124     7     7
  125     3     3
  126     8     9
  127     3     4
  128     3     2
  129     6     5
  130     4     5
  131     3     4
  132     4     5
  133    10     9
  134     5     4
  135     8     9
  136     9    10
  137     4     5
  138     2     3
  139     7     6
  140     9     8
  141     9     9
  142     2     3
  143     4     3
  144     9     9
  145     4     3
  146     6     6
  147     3     2
  148     6     5
  149     4     5
  150     9     8
  151     1     1
  152     5     5
  153     7     6
  154     3     4
  155     3     4
  156     9    10
  157     7     6
  158     3     3
  159     7     8
  160     2     1
  161     4     3
  162     6     7
  163     7     6
  164     2     2
  165     4     5
  166     3     2
  167     7     7
  168    10    10
  169     3     2
  170     9     9
  171     4     5
  172     5     4
  173     2     3
  174     4     4
  175     4     3
  176     2     1
  177    10    10
  178     9     9
  179    10    10
  180     3     4
  181     7     7
  182     9     9
  183     6     6
  184     8     8
  185     8     7
  186     2     3
  187     3     4
  188     2     3
  189     5     6
  190     1     1
  191     6     6
  192    10     9
  193     1     2
  194     9     8
  195     4     5
  196     6     6
  197    10    10
  198    11    10
  199     6     5
  200     4     3
  201     1     1
  202     8     9
  203     7     7
  204    10     9
  205     9     9
  206     2     1
  207    10    10
  208     6     6
  209     7     7
  210     8     9
  211     1     2
  212     7     6
  213     3     3
  214     3     3
  215     3     2
  216     8     9
  217     5     4
  218     6     6
  219     3     3
  220     4     4
  221     3     4
  222    10     9
  223     6     7
  224     9    10
  225     3     2
  226     8     8
  227    10     9
  228     1     1
  229     2     3
  230     5     5
  231     9     9
  232     5     6
  233    10     9
  234    10    10
  235     1     1
  236     9    10
  237     8     9
  238     7     7
  239     7     7
  240     7     7
  241     8     7
  242     1     1
  243     8     7
  244     6     5
  245     3     2
  246     6     7
  247     3     2
  248     6     6
  249     2     2
  250    10    10
  251     1     1
  252     2     3
  253     2     1
  254     2     2
  255     2     3
  256     8     7
  257     6     6
  258     8     8
  259     4     3
  260     2     3
  261     1     1
  262     4     5
  263     9     9
  264     4     5
  265     4     5
  266     5     6
  267     5     4
  268    11    10
  269     1     1
  270     2     1
  271     9    10
  272     4     3
  273     4     4
  274     6     7
  275     6     7
  276    10    10
  277     1     1
  278     3     2
  279     9     9
  280     9     8
  281     8     7
  282    11    10
  283     1     1
  284     8     7
  285    10    10
  286     6     7
  287     8     7
  288     4     3
  289     1     1
  290     4     5
  291     5     4
  292     8     8
  293     1     2
  294     2     2
  295    10     9
  296     6     5
  297     1     2
  298     8     8
  299     2     2
  300    10    10
  301     3     4
  302     6     7
  303     2     2
  304     1     1
  305     9     9
  306     3     2
  307     8     9
  308     4     3
  309     3     2
  310     4     5
  311     5     6
  312     5     4
  313     3     2
  314     7     8
  315     9    10
  316     9    10
  317     2     3
  318     9     9
  319     3     2
  320     8     7
  321    11    10
  322     1     1
  323     7     6
  324     8     8
  325    10     9
  326     1     1
  327     4     4
  328     4     5
  329     4     4
  330     4     5
  331     8     8
  332     6     5
  333     9     9
  334     9     8
  335     5     6
  336    10     9
  337     9     9
  338     6     7
  339     9    10
  340     6     6
  341     1     1
  342     5     4
  343    10    10
  344    10    10
  345     2     2
  346     7     7
  347    10    10
  348     9     8
  349     3     3
  350     2     1
  351     2     2
  352    10    10
  353     5     6
  354     8     8
  355     5     4
  356     1     1
  357     6     5
  358     6     5
  359    10     9
  360     1     2
  361     6     6
  362     8     9
  363     5     5
  364     8     8
  365     4     4
  366     8     7
  367     7     7
  368     8     8
  369     1     1
  370     3     3
  371     3     4
  372    11    10
  373     6     6
  374     8     8
  375     7     6
  376     4     3
  377    10     9
  378     9    10
  379     8     8
  380     2     1
  381     6     5
  382     8     9
  383     3     2
  384     6     7
  385     9     9
  386     7     7
  387     7     7
  388     7     8
  389     5     4
  390     3     2
  391     6     7
  392     6     7
  393     4     3
  394     3     4
  395     5     4
  396     7     7
  397     3     2
  398     8     8
  399     4     4
  400     9     9
  401    10    10
  402     2     3
  403     2     2
  404     5     5
  405     1     2
  406     6     6
  407    11    10
  408     5     6
  409     7     6
  410     3     4
  411    10     9
  412     1     1
  413    10     9
  414     4     5
  415     3     3
  416     3     2
  417     6     5
  418     9     8
  419    11    10
  420     6     6
  421     1     1
  422     9     9
  423     3     3
  424     3     4
  425     1     2
  426     4     3
  427    10    10
  428     4     4
  429     3     4
  430     5     4
  431     3     3
  432     6     6
  433     9    10
  434     5     5
  435     7     7
  436    10     9
  437     2     2
  438     1     2
  439     9    10
  440     8     7
  441     9     8
  442     5     4
  443     9     8
  444     7     8
  445     4     5
  446     8     8
  447     2     1
  448     6     7
  449     4     5
  450    10     9
  451     3     3
  452     6     7
  453     4     3
  454     2     1
  455     7     6
  456     4     4
  457     6     7
  458     4     4
  459     4     3
  460     9    10
  461     4     5
  462     5     6
  463     6     7
  464     4     4
  465     4     4
  466     3     2
  467     9     8
  468     4     4
  469     1     2
  470     1     1
  471    10    10
  472     1     1
  473     4     4
  474     2     2
  475     3     2
  476     8     7
  477     5     5
  478     6     6
  479     6     5
  480     9     9
  481     7     7
  482     2     1
  483     7     7
  484     8     8
  485     4     3
  486     8     9
  487     9     8
  488     2     2
  489     1     1
  490     8     9
  491     7     7
  492     8     7
  493     2     1
  494     9     9
  495     4     3
  496     8     8
  497     6     7
  498     4     3
  499    10    10
  500     3     4
82
