50
    1    79    83
    2    64    63
    3    10     9
    4     1     6
    5    60    67
    6    54    61
    7    81    76
    8    62    63
    9    60    60
   10    80    77
   11    76    67
   12    85    90
   13    17     7
   14    84    75
   15    86    84
   16    31    32
   17    88    88
   18    24    31
   19    35    40
   20     1     5
   21    19    24
   22   102    95
   23     6    15
   24    43    42
   25    14    20
   26    99    91
   27    20    29
   28    77    75
   29   103    97
   30    79    86
   31    91    93
   32    23    15
   33    65    63
   34   102    92
   35    89    95
   36    66    76
   37    83    91
   38    54    56
   39    79    79
   40    72    74
   41     6     6
   42     7     9
   43     1     1
   44    29    37
   45    57    50
   46    11    14
   47    25    29
   48    82    77
   49     3    10
   50    77    79
216
