50
    1     5     6
    2     2     2
    3     3     4
    4     2     1
    5     8     8
    6     3     4
    7     8     9
    8    10    10
    9    10     9
   10     4     4
   11     5     6
   12     6     5
   13    10    10
   14     9    10
   15     1     1
   16     4     3
   17     6     7
   18     5     6
   19     6     7
   20     9     8
   21     8     7
   22     5     6
   23     7     6
   24     1     1
   25     9     9
   26     5     4
   27    11    10
   28     8     8
   29     3     2
   30    10     9
   31    11    10
   32     7     8
   33     9    10
   34     8     7
   35     9     8
   36     1     1
   37     5     6
   38     7     7
   39    11    10
   40     9     9
   41     6     7
   42     1     2
   43     7     8
   44     9    10
   45     4     5
   46     3     3
   47     9     8
   48    11    10
   49     8     9
   50     3     4
29
