500
    1   490   536
    2   150   132
    3   142    74
    4   325   291
    5   434   428
    6  1011   994
    7   871   869
    8  1040   980
    9   284   349
   10   830   914
   11   143   156
   12   401   475
   13   450   540
   14   203   300
   15   382   461
   16   775   693
   17   317   237
   18   444   376
   19   296   297
   20   489   398
   21    68   157
   22   179    96
   23   940   996
   24   774   871
   25   825   789
   26   260   184
   27    11    10
   28   901   928
   29   546   542
   30   931   999
   31   358   330
   32   908   828
   33   548   540
   34   248   277
   35   324   308
   36   799   841
   37   311   396
   38   680   677
   39   389   460
   40   765   759
   41   971   927
   42   686   762
   43   147   238
   44   861   910
   45   670   575
   46     1     3
   47   571   618
   48   927   890
   49   765   799
   50   375   424
   51   135    47
   52   735   760
   53   896   797
   54   638   652
   55   415   345
   56   339   344
   57   930   913
   58   174   123
   59     1    36
   60   744   690
   61   597   549
   62   839   819
   63   806   728
   64   399   435
   65   263   212
   66   655   612
   67   482   437
   68   974   959
   69   789   716
   70   807   818
   71   247   150
   72   625   702
   73   517   606
   74   873   791
   75   104   184
   76   431   497
   77    91   115
   78    97   195
   79   219   305
   80   881   923
   81   276   214
   82   287   214
   83   169   139
   84   329   370
   85   768   710
   86   538   466
   87   768   744
   88   916   948
   89   527   458
   90   484   499
   91  1020   957
   92   307   365
   93   889   813
   94   963   928
   95   389   384
   96   226   237
   97   808   713
   98   178   129
   99   597   604
  100   619   676
  101   379   437
  102   894   904
  103   327   250
  104   686   768
  105   992   969
  106   593   674
  107   445   367
  108   753   819
  109   717   719
  110   435   445
  111    41   115
  112   611   671
  113   951   921
  114   631   665
  115    88    77
  116   815   867
  117   588   559
  118   141   201
  119   424   385
  120   986   965
  121   156   232
  122   168   177
  123   303   260
  124   702   687
  125   148    53
  126   916   863
  127   504   412
  128   543   620
  129   898   963
  130   864   891
  131   123   122
  132   528   593
  133   296   279
  134  1049   960
  135   926   913
  136    19   102
  137   270   233
  138   924   827
  139   859   846
  140   642   580
  141   432   403
  142   211   113
  143    40   127
  144   234   151
  145   101    81
  146   385   434
  147    35    38
  148   346   275
  149   202   177
  150   502   602
  151   540   549
  152    89   113
  153   246   306
  154   806   772
  155   649   578
  156   501   440
  157   713   742
  158   471   487
  159   801   746
  160   246   173
  161   839   793
  162   352   291
  163   519   582
  164   129   142
  165   787   801
  166   466   506
  167   845   803
  168   454   528
  169   109    94
  170   294   297
  171   502   515
  172   267   222
  173   886   929
  174   125   126
  175   818   871
  176   526   531
  177   497   414
  178   261   321
  179   969   910
  180     1    12
  181   792   843
  182   899   957
  183    66   148
  184   532   440
  185   931   849
  186   455   469
  187   466   550
  188    45    57
  189   115   136
  190   363   401
  191   849   850
  192   933   995
  193   277   236
  194   909   976
  195    49     9
  196   911   946
  197   719   668
  198   670   710
  199   455   439
  200   748   845
  201   268   303
  202   693   693
  203   551   551
  204   359   263
  205   167   223
  206   877   893
  207   769   712
  208   170   242
  209   735   655
  210  1015   957
  211   315   244
  212   207   116
  213   167   239
  214   339   305
  215   465   406
  216   292   251
  217   197   276
  218  1031   932
  219   470   473
  220   254   298
  221   284   274
  222   765   781
  223   186   109
  224   879   780
  225   909   908
  226   703   692
  227   212   203
  228   714   725
  229   253   231
  230    89   115
  231   281   341
  232   899   966
  233   631   693
  234   346   246
  235   371   393
  236   899   856
  237   586   493
  238   218   309
  239   973   885
  240   181   229
  241   301   333
  242   411   447
  243   270   305
  244   176   139
  245     1    10
  246   696   615
  247  1019   930
  248   160   114
  249   500   556
  250   582   648
  251   404   451
  252   338   323
  253   116    21
  254    38    18
  255   176   115
  256   198   297
  257   559   600
  258    22    28
  259   345   419
  260   756   833
  261   748   731
  262   286   209
  263   878   847
  264  1057   979
  265   510   463
  266  1022   974
  267   826   770
  268   473   544
  269   497   477
  270   639   623
  271   377   292
  272   486   531
  273   584   640
  274   988   935
  275   262   309
  276   914   962
  277   856   903
  278   512   574
  279   149   161
  280  1047   964
  281   156   185
  282    82    74
  283   401   347
  284   895   843
  285   990  1000
  286  1016   977
  287   976   995
  288   380   361
  289   305   305
  290   399   331
  291    54   130
  292   744   812
  293   220   296
  294   410   498
  295   745   723
  296   775   699
  297   728   790
  298   566   562
  299   779   746
  300   414   344
  301    28    20
  302   198   139
  303   569   582
  304   200   245
  305   431   383
  306   703   604
  307   642   591
  308   305   393
  309   419   388
  310   641   647
  311     1    26
  312   927   938
  313   359   370
  314   296   394
  315   973   874
  316     1    74
  317    33   109
  318   146   105
  319     1     6
  320    33    77
  321   255   334
  322    93    87
  323   374   344
  324  1030   982
  325   646   669
  326   504   427
  327   666   570
  328   798   727
  329   527   586
  330   546   597
  331  1069   976
  332   357   383
  333   860   861
  334   495   552
  335  1044   962
  336    75   155
  337   816   739
  338   266   183
  339  1048   968
  340   643   568
  341     1    25
  342   643   578
  343    41   102
  344     1     4
  345    31   128
  346   918   839
  347   575   480
  348    45    66
  349   983   921
  350   873   923
  351   189   148
  352   325   284
  353   468   408
  354   197   248
  355   634   724
  356   317   417
  357   134    91
  358   557   639
  359   476   555
  360     1    62
  361   698   634
  362   645   733
  363   606   581
  364   824   750
  365    55    86
  366   449   367
  367   118   153
  368   465   460
  369   645   619
  370   680   767
  371   614   544
  372   980   966
  373   579   624
  374     1    30
  375   499   556
  376   813   913
  377   985   995
  378   454   386
  379   125    36
  380   175   177
  381   408   439
  382   694   663
  383   604   580
  384    41    87
  385   629   655
  386   832   743
  387   777   791
  388   494   586
  389   173   146
  390   881   828
  391   898   991
  392    16    41
  393   584   527
  394   655   746
  395   792   872
  396   529   605
  397   625   624
  398   120   168
  399     1    26
  400   464   417
  401   381   360
  402   421   445
  403   702   726
  404   668   747
  405   267   366
  406   364   268
  407   107   134
  408   715   770
  409   264   242
  410   341   434
  411   433   367
  412   511   415
  413   262   205
  414   577   525
  415    98     7
  416    60    70
  417   621   523
  418   104   140
  419   524   568
  420   723   684
  421    94   113
  422   339   355
  423   907   893
  424     1    72
  425   160   216
  426    10    69
  427   322   402
  428  1027   964
  429  1074   994
  430   246   210
  431   649   735
  432   132    58
  433   487   506
  434    32     1
  435   237   323
  436   157   241
  437   850   798
  438   903   916
  439   223   162
  440   295   343
  441   820   822
  442    88    32
  443   826   872
  444   995   910
  445   412   339
  446   164   140
  447   314   381
  448   663   593
  449   660   659
  450   184   111
  451   294   257
  452   403   333
  453   925   993
  454   685   691
  455   659   678
  456    96    98
  457   254   239
  458    96   182
  459   911   923
  460   355   282
  461   911   917
  462   815   814
  463   152   173
  464   145    62
  465   459   376
  466   646   714
  467   434   382
  468   909   990
  469   959   886
  470   742   813
  471   868   768
  472   122   159
  473   695   702
  474   752   844
  475    64     8
  476    62    67
  477   547   483
  478   705   708
  479   278   349
  480   160   239
  481   553   591
  482   431   383
  483   666   703
  484   410   438
  485    66   145
  486   499   557
  487   277   362
  488   796   808
  489   946   977
  490   524   565
  491   830   851
  492   229   303
  493   895   889
  494   332   427
  495   242   287
  496     1    78
  497   414   323
  498   792   833
  499   121    56
  500   626   586
22266
