500
    1    88   182
    2   527   442
    3   931   944
    4   827   921
    5   436   354
    6   635   728
    7   858   883
    8   849   898
    9   735   819
   10   265   192
   11    56   130
   12   382   305
   13   646   626
   14   839   850
   15   239   307
   16   565   571
   17   595   539
   18   129    86
   19   896   983
   20   521   612
   21    27    91
   22   863   942
   23    15    82
   24   770   813
   25   324   403
   26  1022   998
   27   917  1000
   28   908   822
   29   231   252
   30   281   373
   31   685   656
   32   650   602
   33   401   338
   34   569   659
   35   498   482
   36   360   311
   37     1    34
   38   527   435
   39    78    98
   40   656   589
   41   754   685
   42   183   256
   43   679   716
   44   708   716
   45   767   725
   46   345   273
   47    94   192
   48    40    64
   49   870   821
   50   971   886
   51   184   197
   52   208   254
   53   332   403
   54     1    58
   55   542   455
   56   769   710
   57   276   247
   58     1    65
   59   102   130
   60    92   192
   61   635   715
   62   152   129
   63   552   542
   64   913   953
   65   562   570
   66   497   434
   67   377   307
   68   804   725
   69   806   802
   70   476   520
   71   757   828
   72   663   588
   73   186   228
   74   114    69
   75   211   174
   76   414   503
   77   136    73
   78   135   201
   79   508   479
   80   255   201
   81    51   140
   82   254   284
   83   419   465
   84   351   280
   85   227   180
   86   222   224
   87   903   998
   88   617   650
   89     1    40
   90   451   449
   91   309   307
   92   163   203
   93   306   219
   94   514   534
   95   692   790
   96   971   899
   97   650   591
   98     1    31
   99   425   498
  100   624   554
  101   612   675
  102   604   566
  103   205   144
  104   323   334
  105   505   583
  106   924   872
  107   808   813
  108  1038   961
  109   307   253
  110   839   891
  111   273   225
  112  1019   989
  113   792   783
  114    93    63
  115   915   875
  116   581   633
  117   719   813
  118   451   495
  119   404   367
  120   428   339
  121   166    86
  122   520   527
  123   990   954
  124   572   597
  125   815   803
  126   242   165
  127   680   626
  128   863   954
  129   778   817
  130   389   377
  131   279   360
  132   398   351
  133   819   749
  134   924   934
  135   891   959
  136   252   156
  137   485   463
  138   552   649
  139   241   332
  140   828   746
  141   215   305
  142   376   447
  143   267   269
  144   943   981
  145   853   759
  146    81   152
  147   841   892
  148   394   345
  149   755   807
  150   324   360
  151   871   899
  152    86    31
  153     1     8
  154   185   186
  155   706   640
  156   781   814
  157   407   316
  158   573   629
  159    41    96
  160   577   539
  161   203   279
  162   463   433
  163   318   364
  164   792   852
  165   876   959
  166   903   944
  167   497   401
  168   361   302
  169    87   116
  170    95    15
  171   290   209
  172   944   956
  173   466   367
  174   110   188
  175   672   605
  176   141   121
  177  1006   988
  178   890   863
  179    88    44
  180   859   786
  181   418   465
  182   784   851
  183   738   674
  184   934   902
  185   142   175
  186   916   827
  187   243   292
  188   972   943
  189   313   390
  190   258   271
  191   471   424
  192   250   233
  193   477   562
  194   691   766
  195   234   175
  196     1    40
  197   701   642
  198   826   804
  199   169   101
  200   102   107
  201   574   493
  202   851   795
  203   656   557
  204   757   765
  205    44    37
  206   557   619
  207   355   358
  208    36    24
  209   155   109
  210   444   451
  211   850   762
  212    30     2
  213   518   493
  214     1    47
  215   389   324
  216   343   441
  217   402   498
  218     1    34
  219    92   143
  220   101    48
  221   413   384
  222     1    11
  223   736   811
  224   193   210
  225   343   426
  226   654   690
  227   503   529
  228   667   587
  229   457   525
  230   132    97
  231   760   691
  232  1012   964
  233   825   923
  234    62   140
  235    82   103
  236   686   630
  237   568   603
  238   730   675
  239   875   875
  240   830   763
  241   531   443
  242   819   885
  243    60     7
  244   274   201
  245   250   264
  246    13    13
  247   936   920
  248  1039   992
  249   514   498
  250   228   158
  251   173   233
  252   565   593
  253   957   891
  254   224   280
  255   326   257
  256    65    71
  257   129   214
  258   455   362
  259   689   617
  260   429   503
  261   504   521
  262   205   111
  263   846   917
  264   724   737
  265   757   805
  266   965   988
  267   559   512
  268   158   102
  269    86    67
  270   282   349
  271   557   522
  272   436   505
  273   429   438
  274   169   229
  275   161   171
  276   478   568
  277   775   845
  278   376   476
  279    78    15
  280   422   322
  281   544   519
  282   959   928
  283     1    65
  284   255   297
  285   275   206
  286   627   687
  287   425   353
  288   788   759
  289   518   471
  290   689   697
  291   475   552
  292   427   338
  293   211   134
  294    54    40
  295   460   361
  296   688   777
  297   194   164
  298   612   536
  299   775   784
  300   894   854
  301    85    58
  302   690   689
  303     1     4
  304   865   883
  305     1    45
  306   266   234
  307   989   933
  308   115   215
  309   485   434
  310   608   645
  311   609   592
  312   407   400
  313   989   968
  314   665   744
  315   954   936
  316     1    32
  317   595   603
  318   506   423
  319   102   116
  320   761   859
  321   663   652
  322    78    45
  323   620   574
  324   446   364
  325   104   131
  326   633   721
  327   458   384
  328   785   813
  329   480   464
  330   342   347
  331   149   214
  332   615   613
  333   191   283
  334   766   782
  335   113    48
  336   157   161
  337   953   993
  338   932   845
  339   107    46
  340   270   286
  341   822   911
  342   436   360
  343   844   748
  344   378   322
  345   722   710
  346   158   109
  347   321   230
  348   438   504
  349   657   679
  350   317   401
  351   282   306
  352   797   746
  353   430   382
  354   933   982
  355   385   338
  356   331   311
  357   197   129
  358   204   245
  359   606   617
  360   729   676
  361   709   688
  362   195   235
  363   114   155
  364   885   828
  365   473   556
  366   138   173
  367   750   727
  368   998   962
  369   115    41
  370   784   725
  371   173   198
  372   237   268
  373   414   462
  374   930   972
  375   619   706
  376    84    23
  377   104   129
  378   200   160
  379    44   106
  380   641   671
  381   678   757
  382  1026   949
  383   547   546
  384   264   301
  385   951   933
  386   235   301
  387   633   597
  388   661   656
  389    25    32
  390   632   642
  391   748   781
  392   842   831
  393  1024   925
  394   181   248
  395   551   558
  396   309   315
  397   190   126
  398   341   246
  399   423   432
  400   429   431
  401   340   374
  402   315   235
  403    28    84
  404   902   921
  405  1028   940
  406   224   194
  407   769   676
  408   800   736
  409   387   400
  410   301   272
  411    65    29
  412   210   253
  413   468   459
  414   958   955
  415   299   357
  416   681   588
  417   714   657
  418   207   138
  419   715   662
  420   936   898
  421   423   495
  422   104    73
  423    87     3
  424   154   166
  425   753   678
  426   298   387
  427   584   616
  428   428   394
  429   501   592
  430   616   592
  431   637   725
  432   697   728
  433    48    88
  434     1    23
  435   774   801
  436   153   231
  437   902   972
  438   333   338
  439   673   744
  440   456   357
  441   719   620
  442     1     6
  443   330   278
  444   375   332
  445   593   577
  446    74   146
  447   402   395
  448   466   447
  449   785   697
  450   434   437
  451     1    23
  452   395   315
  453   275   247
  454   681   697
  455   157   164
  456   435   456
  457  1072   981
  458   697   700
  459   546   609
  460   918   824
  461   614   643
  462   721   628
  463   633   611
  464   212   308
  465  1082   998
  466  1023   936
  467  1049   980
  468   695   748
  469   768   844
  470   420   339
  471   585   502
  472   367   301
  473   596   660
  474  1000   946
  475   977   950
  476   361   321
  477   744   777
  478    87   114
  479   708   771
  480   624   645
  481   174   133
  482   838   789
  483   472   461
  484   850   764
  485   675   615
  486   261   331
  487     1    40
  488   485   574
  489   168   119
  490   799   883
  491   394   297
  492   688   709
  493   491   503
  494   474   545
  495   162   149
  496   614   708
  497   315   361
  498   242   143
  499   361   414
  500   819   720
16885
