50
    1     7     6
    2     4     4
    3     7     6
    4     2     1
    5     7     8
    6     9    10
    7     4     5
    8    10    10
    9     1     1
   10    10    10
   11    11    10
   12     1     1
   13     2     2
   14     7     8
   15     2     3
   16    10     9
   17     8     9
   18     1     2
   19     2     1
   20     2     2
   21     4     3
   22     6     6
   23    10    10
   24     3     3
   25    10     9
   26     6     6
   27     2     2
   28     8     8
   29     5     6
   30     1     1
   31     9     8
   32    10    10
   33    10    10
   34     3     3
   35     4     4
   36     1     1
   37     1     2
   38     9     9
   39     3     4
   40     8     7
   41     6     7
   42     6     6
   43     9     8
   44     3     2
   45     1     1
   46    10     9
   47     9     8
   48     5     6
   49     9     9
   50     4     4
11
