500
    1     5     6
    2     2     2
    3     3     4
    4     2     1
    5     8     8
    6     3     4
    7     8     9
    8    10    10
    9    10     9
   10     4     4
   11     5     6
   12     6     5
   13    10    10
   14     9    10
   15     1     1
   16     4     3
   17     6     7
   18     5     6
   19     6     7
   20     9     8
   21     8     7
   22     5     6
   23     7     6
   24     1     1
   25     9     9
   26     5     4
   27    11    10
   28     8     8
   29     3     2
   30    10     9
   31    11    10
   32     7     8
   33     9    10
   34     8     7
   35     9     8
   36     1     1
   37     5     6
   38     7     7
   39    11    10
   40     9     9
   41     6     7
   42     1     2
   43     7     8
   44     9    10
   45     4     5
   46     3     3
   47     9     8
   48    11    10
   49     8     9
   50     3     4
   51     8     7
   52     9    10
   53     7     7
   54     3     2
   55     6     5
   56     5     4
   57     2     3
   58     3     3
   59     6     6
   60    10    10
   61     9     9
   62     8     9
   63     8     8
   64     5     5
   65     2     2
   66     3     2
   67     7     7
   68     9     9
   69     7     6
   70     9     8
   71    11    10
   72     3     2
   73     7     6
   74     2     1
   75     5     4
   76     7     7
   77     5     5
   78     6     5
   79     6     5
   80     3     3
   81     3     4
   82     5     4
   83     9     9
   84    11    10
   85    11    10
   86     6     6
   87     4     4
   88     9     8
   89     8     8
   90     9     9
   91     7     7
   92     4     5
   93     4     3
   94     7     8
   95     3     4
   96     8     7
   97     2     3
   98    10     9
   99     3     4
  100     6     6
  101     6     7
  102     3     4
  103     9    10
  104     7     8
  105     8     9
  106     4     4
  107     7     7
  108     9     9
  109    10     9
  110     4     5
  111     6     5
  112     1     1
  113     1     1
  114     4     5
  115     6     7
  116     6     7
  117     8     9
  118     1     1
  119     5     5
  120     5     5
  121     1     2
  122     7     7
  123    11    10
  124     7     7
  125     2     3
  126     2     3
  127     1     2
  128    11    10
  129     4     3
  130     1     1
  131     3     2
  132     4     3
  133     8     9
  134     9    10
  135     4     3
  136     3     2
  137     4     3
  138     8     7
  139     7     6
  140     9    10
  141     2     3
  142     2     3
  143     7     7
  144     1     1
  145     1     1
  146     3     4
  147     8     8
  148     4     5
  149     8     7
  150     1     2
  151     9     9
  152     3     3
  153     6     6
  154     3     2
  155     7     8
  156    11    10
  157     3     2
  158     6     7
  159     7     6
  160     4     3
  161     4     3
  162     2     1
  163     2     2
  164     1     2
  165     2     1
  166     5     6
  167     3     3
  168     9     8
  169     4     4
  170     7     7
  171     4     5
  172     2     2
  173     8     9
  174     5     6
  175     2     1
  176     2     1
  177     3     4
  178     1     1
  179     9    10
  180     2     2
  181     3     3
  182     6     7
  183     7     8
  184     9    10
  185    10     9
  186    10     9
  187    10    10
  188     7     7
  189     6     6
  190     2     1
  191     9    10
  192     6     5
  193     5     6
  194     5     6
  195    10     9
  196     7     6
  197     8     8
  198     9    10
  199    10     9
  200     4     5
  201     4     3
  202     3     3
  203     1     1
  204     3     3
  205     4     3
  206     2     3
  207     2     2
  208     2     2
  209     4     5
  210     8     7
  211     3     4
  212     7     6
  213     9     9
  214     6     5
  215     5     6
  216     1     1
  217     5     6
  218     2     2
  219     3     3
  220     9     8
  221     5     4
  222     1     1
  223     8     9
  224    10    10
  225     9     8
  226     1     2
  227     3     3
  228     6     5
  229     2     1
  230     6     5
  231     1     1
  232     5     6
  233     4     3
  234     7     6
  235     2     3
  236     7     6
  237     3     3
  238     8     9
  239     6     5
  240     9     9
  241     4     3
  242     7     7
  243     6     5
  244    10     9
  245    10    10
  246     5     5
  247     9    10
  248     5     4
  249     7     6
  250     8     8
  251     2     1
  252     3     3
  253     1     1
  254     7     8
  255     6     5
  256     7     7
  257    11    10
  258     8     8
  259    10     9
  260     4     3
  261     1     1
  262     8     9
  263     8     7
  264     9     9
  265     2     3
  266     4     4
  267     9    10
  268     5     4
  269     6     7
  270     4     3
  271     3     2
  272     1     1
  273    11    10
  274     4     5
  275    10     9
  276     2     2
  277     4     3
  278     5     4
  279     1     1
  280     3     4
  281     6     5
  282     3     4
  283     7     7
  284     4     3
  285     9    10
  286     7     7
  287     4     5
  288     2     1
  289     5     5
  290     1     1
  291     9    10
  292     3     2
  293     5     6
  294     7     8
  295     4     3
  296    10     9
  297    11    10
  298     3     2
  299     6     6
  300     5     4
  301     9    10
  302     8     9
  303     1     2
  304     5     5
  305     3     3
  306     4     4
  307     1     1
  308     2     3
  309     9     8
  310     7     7
  311     6     6
  312     9     8
  313    11    10
  314     5     4
  315     4     4
  316     5     4
  317     8     9
  318     4     5
  319     5     6
  320     8     7
  321     3     4
  322     7     7
  323     4     4
  324     2     2
  325    10     9
  326     6     7
  327    10    10
  328     6     7
  329     7     6
  330     7     7
  331     6     6
  332     4     3
  333     1     1
  334     2     2
  335     3     2
  336     6     5
  337     8     9
  338     2     3
  339     7     8
  340     8     8
  341     4     5
  342     7     8
  343     1     2
  344     3     4
  345     7     8
  346    10     9
  347     9    10
  348     6     6
  349     1     1
  350     4     3
  351     7     8
  352     3     4
  353     8     8
  354     8     8
  355     4     4
  356     6     7
  357     2     1
  358     8     9
  359     4     5
  360     2     2
  361     5     4
  362     2     3
  363     2     1
  364     9    10
  365     5     6
  366     8     7
  367     4     3
  368     9    10
  369     8     9
  370     7     7
  371     5     4
  372     5     6
  373     4     4
  374    10    10
  375     6     6
  376     2     3
  377     4     5
  378     5     6
  379     5     6
  380     8     7
  381     8     9
  382     4     3
  383    10    10
  384     6     7
  385     6     5
  386     2     3
  387     2     1
  388     7     6
  389     6     6
  390     7     8
  391     1     1
  392     1     1
  393     7     7
  394     5     6
  395     3     2
  396     4     5
  397     5     4
  398     8     8
  399     5     6
  400     6     7
  401    10    10
  402     5     5
  403     6     6
  404     6     7
  405     6     6
  406     8     8
  407     4     4
  408     9    10
  409     3     2
  410     4     4
  411     7     7
  412     5     5
  413     5     5
  414     6     5
  415     8     7
  416     9    10
  417     2     3
  418    10    10
  419     9     8
  420     4     4
  421     2     3
  422     4     5
  423     2     3
  424     2     2
  425     7     6
  426    10     9
  427     3     2
  428     4     4
  429     3     4
  430    10    10
  431     6     5
  432     7     8
  433     5     6
  434     2     1
  435     4     3
  436     1     1
  437     9     8
  438     5     6
  439     3     2
  440     3     3
  441     3     2
  442     1     2
  443     1     2
  444    11    10
  445    10     9
  446    10    10
  447     1     1
  448     4     3
  449    10     9
  450     2     1
  451     8     7
  452     4     3
  453     4     3
  454     1     1
  455     7     8
  456     9     8
  457     9     9
  458     3     2
  459     3     3
  460     3     2
  461     7     7
  462     5     4
  463     3     3
  464     1     2
  465     5     6
  466     5     4
  467     3     2
  468    10    10
  469     7     6
  470     4     3
  471     9     8
  472     8     9
  473     1     2
  474     5     4
  475     7     8
  476     8     7
  477     4     3
  478     8     8
  479    10     9
  480     8     9
  481     2     1
  482     3     3
  483     2     3
  484     7     8
  485     4     5
  486     6     7
  487     1     2
  488     8     8
  489     6     7
  490     6     5
  491     1     1
  492     4     3
  493     9     9
  494     8     7
  495     7     7
  496     9     8
  497     4     3
  498     4     3
  499     5     6
  500     7     6
247
