50
    1    10     9
    2     3     3
    3     1     1
    4     6     6
    5     2     1
    6     4     3
    7     7     8
    8     8     7
    9    11    10
   10     7     7
   11     7     7
   12     4     4
   13     2     3
   14     4     3
   15    10    10
   16    10    10
   17     9     8
   18     6     7
   19     7     8
   20     5     5
   21     6     6
   22     8     9
   23     4     3
   24     3     2
   25     5     6
   26     1     1
   27     2     3
   28     2     1
   29     2     3
   30     3     2
   31     3     3
   32     2     3
   33     7     7
   34     8     8
   35     8     7
   36     7     6
   37     7     7
   38    11    10
   39     5     5
   40     2     2
   41     7     8
   42     8     9
   43     6     5
   44     4     3
   45     7     6
   46     7     8
   47     7     7
   48    10     9
   49     8     8
   50     8     7
11
