50
    1     6     5
    2     2     3
    3     1     1
    4     5     6
    5     5     5
    6     9     9
    7     3     4
    8     8     9
    9     9    10
   10     1     1
   11     6     5
   12     1     2
   13     9     9
   14     3     3
   15     4     4
   16    11    10
   17     3     4
   18     9     9
   19     3     2
   20     1     1
   21     3     2
   22     3     3
   23     8     7
   24     9     8
   25     2     2
   26     8     7
   27     1     1
   28     4     5
   29     4     3
   30     8     8
   31     6     7
   32     2     1
   33     8     9
   34     5     6
   35     2     3
   36     6     6
   37    10     9
   38     1     2
   39     7     7
   40     3     2
   41     3     2
   42     6     5
   43     8     7
   44    10     9
   45     9     8
   46     5     6
   47     5     5
   48     6     5
   49     7     6
   50     6     5
11
