50
    1   867   889
    2   361   301
    3   172   139
    4   398   476
    5   109   141
    6   724   627
    7   777   862
    8   186   197
    9   508   438
   10   414   451
   11   762   845
   12   634   708
   13   877   821
   14   888   877
   15   381   390
   16   179   254
   17   153    86
   18   476   521
   19   996   954
   20   772   791
   21   214   190
   22   787   849
   23   277   277
   24     1    48
   25   774   806
   26   829   777
   27   357   339
   28   121   129
   29   131    39
   30   929   960
   31   619   667
   32   213   293
   33   222   317
   34   987   910
   35   212   221
   36    69   106
   37  1000   901
   38   706   798
   39   170   141
   40   244   344
   41     1    48
   42   915   867
   43   856   823
   44   239   183
   45   323   352
   46   767   692
   47   410   507
   48   820   803
   49   338   288
   50     1    17
2443
