500
    1    90    82
    2    43    42
    3    40    44
    4    23    21
    5    64    54
    6    37    28
    7    91    83
    8   100    98
    9    19    19
   10   102    92
   11    34    30
   12    10     5
   13    34    26
   14    51    50
   15     8     7
   16    71    71
   17    41    39
   18    87    86
   19    92    83
   20    14    12
   21    93    91
   22    47    42
   23    72    82
   24     9    13
   25     1     3
   26    89    98
   27   104   100
   28    21    22
   29    49    52
   30    77    73
   31    55    56
   32     8     2
   33    32    38
   34    50    59
   35    74    82
   36    21    11
   37    37    34
   38    28    35
   39   108    98
   40    84    89
   41    82    85
   42    61    56
   43    12    16
   44     8    16
   45    34    25
   46    82    73
   47    87    92
   48    58    64
   49    22    21
   50    81    86
   51    96    97
   52    62    54
   53    13     3
   54    49    58
   55    58    55
   56    12    10
   57    46    47
   58    70    65
   59    38    30
   60    91    92
   61    10    15
   62    28    29
   63    49    42
   64    46    53
   65    80    70
   66    31    34
   67     5     7
   68    23    25
   69     9     2
   70    15    20
   71    26    28
   72    79    88
   73    19    28
   74    75    69
   75    75    74
   76    10     3
   77    82    73
   78     1     1
   79    81    79
   80    10     1
   81    38    40
   82    90    84
   83    58    65
   84    85    80
   85    76    80
   86    34    24
   87    90    98
   88    41    50
   89    45    40
   90    48    49
   91     1     7
   92    11     3
   93    16    19
   94    26    34
   95    88    90
   96    96    99
   97    87    91
   98    32    31
   99    97    98
  100    64    54
  101    84    75
  102    56    66
  103    42    44
  104    29    34
  105    77    83
  106    70    72
  107    20    13
  108    60    61
  109    59    53
  110    84    91
  111    22    25
  112    80    89
  113    89    83
  114    54    63
  115    76    75
  116    41    33
  117     9    13
  118    87    95
  119    59    67
  120    44    39
  121    79    86
  122    35    27
  123    45    54
  124    90    97
  125     6     3
  126    58    65
  127    23    26
  128    62    54
  129    20    17
  130    83    77
  131    57    60
  132    56    51
  133    44    49
  134    42    34
  135    51    59
  136    53    56
  137    70    63
  138    48    49
  139    31    32
  140    56    46
  141     5     5
  142    45    47
  143    79    69
  144    73    81
  145    66    59
  146    50    52
  147    86    92
  148    49    45
  149     1     7
  150    69    60
  151    98    99
  152    29    31
  153    12     8
  154    76    86
  155    37    40
  156    17    14
  157    17    16
  158    30    29
  159    95    96
  160    29    39
  161    72    79
  162    30    33
  163    57    64
  164    58    52
  165    54    59
  166    51    44
  167     1     1
  168     1     2
  169    11    16
  170    14    15
  171     3     9
  172    47    56
  173    67    67
  174    79    88
  175     6     5
  176    23    21
  177    79    88
  178    69    63
  179    46    44
  180    78    86
  181    72    65
  182    53    51
  183    75    74
  184     1     2
  185    75    75
  186    26    27
  187    91    92
  188    48    43
  189    82    90
  190    64    71
  191    26    24
  192    26    33
  193    55    62
  194    57    66
  195    68    75
  196    35    40
  197    41    42
  198    11     4
  199     1     1
  200     5     7
  201    84    93
  202   103    95
  203    48    57
  204    60    65
  205    32    37
  206    23    19
  207    58    58
  208    21    24
  209     4     9
  210    56    51
  211    54    62
  212     9     2
  213    94    93
  214    54    47
  215    26    24
  216    48    41
  217    95    98
  218    26    34
  219    43    43
  220    47    48
  221    83    84
  222     3    11
  223     8    11
  224    11    10
  225    27    26
  226    93    90
  227    27    29
  228    86    87
  229    26    25
  230    93    97
  231    97    91
  232    64    64
  233    15    23
  234    46    40
  235    12     3
  236    20    30
  237    10     3
  238    79    75
  239    81    75
  240    67    63
  241    44    43
  242    79    85
  243     9     7
  244     1     1
  245    74    64
  246     4    13
  247    30    20
  248    94    92
  249    90    98
  250    56    58
  251    30    33
  252    83    93
  253    94    91
  254    75    80
  255    48    57
  256    74    71
  257    10    14
  258    56    62
  259    23    17
  260     1     3
  261    28    21
  262     9    11
  263    15    17
  264    39    37
  265    11     5
  266    89    88
  267     5    12
  268     1     2
  269    77    67
  270    48    49
  271    15    22
  272    11     5
  273    47    38
  274    26    29
  275    76    71
  276    65    68
  277    53    45
  278    72    76
  279     9    15
  280    29    22
  281    17    19
  282    38    28
  283    61    65
  284   103    97
  285     6     6
  286    78    87
  287    59    53
  288    61    59
  289    79    71
  290    92    97
  291    62    52
  292    40    38
  293    30    34
  294    39    40
  295    61    61
  296    81    77
  297    58    64
  298    31    36
  299    84    84
  300    49    54
  301    58    58
  302    96    89
  303     5     4
  304    80    83
  305    47    45
  306    42    34
  307    32    33
  308    11    15
  309    28    34
  310    35    45
  311    94    92
  312   110   100
  313    77    68
  314    40    44
  315    36    36
  316    28    32
  317     4     3
  318    28    23
  319    11    16
  320    57    59
  321    42    52
  322    42    45
  323    81    74
  324    62    64
  325    34    31
  326    17    21
  327    89    84
  328    18    13
  329    56    64
  330    42    47
  331    15    14
  332    12    13
  333    93    83
  334    90    82
  335    38    48
  336    57    61
  337    92    93
  338    45    45
  339    38    46
  340    91    86
  341    18    11
  342    52    60
  343    54    48
  344    30    22
  345    10    10
  346    13     9
  347    22    30
  348    13     4
  349    75    79
  350     7     1
  351     9     6
  352    52    46
  353    82    82
  354    84    82
  355    43    38
  356     4    11
  357    22    29
  358    52    45
  359    27    17
  360    84    76
  361    94    88
  362    43    35
  363    53    55
  364    31    28
  365    60    56
  366    83    73
  367    17    27
  368    71    62
  369    34    41
  370    21    25
  371    94    98
  372    67    68
  373    68    62
  374    69    72
  375    12     6
  376    30    23
  377    28    29
  378    52    60
  379    16     6
  380    68    71
  381    59    57
  382    57    49
  383    53    46
  384     1     1
  385    30    33
  386     1     1
  387   103    97
  388    49    56
  389    37    32
  390    35    42
  391    84    81
  392    36    31
  393    22    25
  394    56    48
  395    63    58
  396    21    15
  397    18    26
  398    39    46
  399    38    32
  400    32    31
  401    79    74
  402    37    35
  403    91    84
  404    29    21
  405    41    40
  406    94    94
  407    85    76
  408    31    36
  409   108   100
  410    62    72
  411    20    29
  412    58    53
  413    65    59
  414    64    55
  415    50    57
  416    88    88
  417    63    57
  418    41    38
  419    55    62
  420   100    98
  421   104    95
  422    83    73
  423     1     3
  424    75    66
  425    72    78
  426    97    87
  427    20    16
  428   104    94
  429    85    92
  430   101    92
  431    15    25
  432    24    28
  433    81    88
  434    26    23
  435     1     1
  436    31    31
  437    77    72
  438    45    38
  439    48    44
  440    54    57
  441    29    20
  442    15     6
  443    82    78
  444    24    32
  445    72    77
  446    46    46
  447    90    95
  448    45    47
  449   107    97
  450    34    37
  451    21    23
  452    20    15
  453    57    47
  454    93    97
  455    63    64
  456    50    56
  457    82    81
  458   100   100
  459     9     9
  460    19    24
  461    38    43
  462    28    28
  463    18    11
  464     5     8
  465    92    98
  466    42    36
  467    89    80
  468    55    48
  469    37    44
  470    30    39
  471     1     2
  472     7     1
  473    62    60
  474    49    46
  475    44    50
  476    13    21
  477    74    77
  478    23    14
  479    68    71
  480    48    45
  481    29    33
  482    87    89
  483    69    61
  484    60    64
  485    15    15
  486    30    31
  487    44    40
  488    81    74
  489    17    19
  490    77    83
  491    95    97
  492     1     9
  493     1     3
  494    52    45
  495    47    49
  496     4     8
  497    51    61
  498    40    43
  499    18    14
  500    20    20
1696
