500
    1    41    36
    2    35    32
    3    82    74
    4    92    91
    5    25    28
    6    90    94
    7    71    69
    8    74    80
    9    47    49
   10     8    14
   11    49    56
   12    79    75
   13    31    40
   14    96   100
   15    66    61
   16    91    93
   17    33    37
   18    84    76
   19    99    97
   20   105    98
   21    64    57
   22    86    96
   23    88    96
   24    79    71
   25    83    89
   26    88    84
   27    11    10
   28    31    28
   29    34    42
   30   100    99
   31    25    30
   32    36    28
   33    48    40
   34    87    77
   35     6     8
   36    32    41
   37    98    96
   38    80    77
   39    52    60
   40    62    59
   41    32    27
   42    55    62
   43    34    38
   44     1    10
   45    80    75
   46     9     3
   47    13    18
   48    85    90
   49   107    99
   50    23    24
   51    39    47
   52    56    60
   53   103    97
   54    56    52
   55    55    45
   56    45    44
   57     3    13
   58    14    23
   59    45    36
   60    93    90
   61    49    49
   62     9    19
   63    28    28
   64    38    35
   65    15    12
   66    19    12
   67    34    37
   68    50    59
   69    11    16
   70    22    18
   71    54    50
   72     6     2
   73     1     6
   74    92    91
   75    76    84
   76   100    97
   77    21    15
   78    87    95
   79    12     5
   80    20    23
   81    13    14
   82    18    14
   83    39    39
   84    74    70
   85    11    10
   86    66    66
   87    41    44
   88    40    48
   89    67    58
   90    99    99
   91    63    57
   92    67    65
   93    23    13
   94    18    28
   95    77    84
   96    44    37
   97    15    13
   98    30    29
   99     1     4
  100    79    76
  101    27    37
  102     6     4
  103    49    50
  104    76    68
  105    74    69
  106    77    74
  107    58    67
  108    22    19
  109    29    19
  110    41    45
  111    10    15
  112    77    71
  113    27    21
  114    70    65
  115    70    77
  116    69    67
  117    61    59
  118     1     1
  119    94    85
  120    56    65
  121    31    32
  122    71    77
  123    52    60
  124    96    87
  125    43    53
  126    56    63
  127    17    12
  128    21    20
  129    67    63
  130    88    91
  131    32    22
  132    88    93
  133    87    79
  134    50    60
  135    14    13
  136     6     2
  137    43    33
  138    31    27
  139    44    46
  140    85    80
  141     5     3
  142     9    13
  143    33    27
  144    53    51
  145    86    81
  146    27    34
  147    38    38
  148    65    75
  149    75    77
  150     7     2
  151    49    49
  152     4    13
  153     1     6
  154    64    72
  155    74    78
  156    38    40
  157    43    42
  158    92    87
  159    50    46
  160    80    73
  161    94    93
  162    98    91
  163    88    82
  164    32    42
  165     2     1
  166     1     6
  167     9     3
  168    38    28
  169   100    94
  170    91    97
  171    23    15
  172    16    22
  173    28    29
  174    22    26
  175    75    71
  176    26    31
  177     7    14
  178    12    21
  179     3    10
  180    15    12
  181    43    43
  182    50    57
  183    44    48
  184    48    40
  185    47    49
  186    79    69
  187    56    50
  188    54    57
  189    27    36
  190     5     1
  191    40    50
  192   102    95
  193    44    36
  194    69    76
  195    10     9
  196    50    46
  197    77    68
  198    18    10
  199    37    39
  200    38    45
  201     1     3
  202    84    93
  203    51    51
  204    63    63
  205    27    23
  206    86    93
  207     6    12
  208    36    42
  209    48    55
  210    52    57
  211    43    44
  212    23    16
  213    39    39
  214     9     5
  215    11     6
  216    44    51
  217    81    76
  218    26    32
  219    76    73
  220    96    98
  221    84    74
  222    80    81
  223     5     9
  224    77    80
  225     1     8
  226    85    92
  227     6     3
  228    20    25
  229    29    31
  230    10    15
  231    47    41
  232    62    66
  233    91    93
  234    50    46
  235    83    93
  236    60    56
  237    96    93
  238     8     9
  239    83    85
  240    29    29
  241    37    33
  242    53    47
  243     1     5
  244    43    39
  245    13    10
  246    21    15
  247    38    30
  248    18    14
  249    51    56
  250    42    48
  251    55    51
  252    23    23
  253    11    21
  254     8    18
  255    19    15
  256   106    97
  257   104   100
  258    19    28
  259    26    19
  260    25    33
  261    36    31
  262     8     9
  263    57    47
  264    88    79
  265    59    63
  266    71    74
  267    78    70
  268    39    44
  269    82    77
  270    27    23
  271    99    92
  272    22    31
  273    50    40
  274    28    35
  275    16     9
  276    56    62
  277    13     3
  278    78    74
  279    58    61
  280    66    64
  281    77    85
  282    64    74
  283    44    47
  284    47    43
  285   102   100
  286    71    77
  287    91    95
  288    71    61
  289     8     5
  290    36    31
  291    35    30
  292    10    12
  293    92    96
  294    88    98
  295    33    23
  296   109    99
  297    91    90
  298    63    62
  299    49    46
  300    51    44
  301    13    20
  302    32    39
  303    84    82
  304    39    45
  305    86    83
  306     1     4
  307    94    91
  308   101    93
  309    80    88
  310    41    47
  311    23    26
  312    48    38
  313    71    70
  314    86    94
  315    77    74
  316    69    74
  317     5     9
  318     4     5
  319     1     6
  320    78    77
  321    42    34
  322    96    87
  323    35    44
  324    79    82
  325    64    69
  326    20    27
  327    73    70
  328    35    27
  329    81    86
  330   103    97
  331    67    76
  332    90    83
  333    69    61
  334    43    52
  335    60    62
  336    59    55
  337    35    39
  338    73    83
  339    70    68
  340    65    68
  341    21    25
  342    74    78
  343     7     2
  344     3     4
  345    36    28
  346    34    39
  347    82    80
  348    63    66
  349    20    21
  350    21    23
  351    50    48
  352    74    84
  353     1     8
  354    57    48
  355    21    24
  356    13    17
  357    89    91
  358    47    39
  359    60    55
  360    65    62
  361    29    34
  362    35    33
  363    73    81
  364    40    50
  365    91    86
  366    74    67
  367    63    53
  368    59    60
  369    27    19
  370    73    67
  371    42    44
  372    74    66
  373    15    24
  374    21    30
  375    50    56
  376     6    13
  377    97    95
  378    85    86
  379    29    36
  380    75    77
  381    35    39
  382    73    63
  383    74    80
  384    83    87
  385    53    55
  386    42    43
  387    92    91
  388    81    86
  389    37    46
  390    27    28
  391    91    91
  392    40    41
  393    21    27
  394    36    46
  395    70    72
  396     1     5
  397    28    24
  398    77    68
  399    25    26
  400    19    17
  401    66    60
  402    36    45
  403    35    26
  404    55    47
  405    63    66
  406    68    68
  407    28    34
  408    60    70
  409    46    42
  410    34    34
  411    61    67
  412     6    15
  413     8     5
  414    17    25
  415     1     7
  416    66    70
  417    25    23
  418    37    40
  419    78    68
  420    78    84
  421     9    13
  422    63    55
  423    92    93
  424    78    72
  425    23    16
  426    79    69
  427     1     2
  428    55    64
  429    84    94
  430     1    10
  431    36    35
  432    48    58
  433    11     6
  434     1     1
  435    21    23
  436    38    41
  437    93    98
  438     6    16
  439    54    62
  440    34    43
  441    23    22
  442    22    32
  443    65    72
  444     8    10
  445    31    39
  446    49    40
  447    86    81
  448    91    93
  449    54    59
  450     6    11
  451    64    57
  452    43    33
  453   100    93
  454    88    91
  455    80    78
  456   108    98
  457    48    39
  458    92    82
  459    20    23
  460    80    82
  461    20    17
  462    15    14
  463    64    73
  464    61    62
  465    81    76
  466    24    14
  467    86    82
  468    93    90
  469    96    86
  470    17    13
  471    66    68
  472    64    59
  473     4     2
  474    36    44
  475     1     8
  476    68    67
  477    90    83
  478    14     8
  479    47    49
  480    29    39
  481    89    91
  482    92    83
  483     8     3
  484    31    38
  485    50    45
  486    53    57
  487    52    62
  488     2     8
  489    85    77
  490    75    65
  491    51    51
  492     1     3
  493    98    89
  494    28    27
  495    87    87
  496    73    78
  497    24    23
  498    40    33
  499    46    56
  500    96    86
2225
