500
    1   867   889
    2   361   301
    3   172   139
    4   398   476
    5   109   141
    6   724   627
    7   777   862
    8   186   197
    9   508   438
   10   414   451
   11   762   845
   12   634   708
   13   877   821
   14   888   877
   15   381   390
   16   179   254
   17   153    86
   18   476   521
   19   996   954
   20   772   791
   21   214   190
   22   787   849
   23   277   277
   24     1    48
   25   774   806
   26   829   777
   27   357   339
   28   121   129
   29   131    39
   30   929   960
   31   619   667
   32   213   293
   33   222   317
   34   987   910
   35   212   221
   36    69   106
   37  1000   901
   38   706   798
   39   170   141
   40   244   344
   41     1    48
   42   915   867
   43   856   823
   44   239   183
   45   323   352
   46   767   692
   47   410   507
   48   820   803
   49   338   288
   50     1    17
   51   183   120
   52   750   689
   53   653   670
   54   973   949
   55   226   290
   56   973   985
   57   380   394
   58   746   652
   59   719   813
   60    20   115
   61   877   790
   62   906   988
   63    56   145
   64   843   852
   65   362   357
   66   734   701
   67   308   326
   68   559   576
   69   331   349
   70   397   467
   71   492   487
   72   782   759
   73   283   295
   74   328   328
   75   425   513
   76   713   642
   77  1046   988
   78   578   516
   79   527   570
   80   395   460
   81   939   927
   82   552   503
   83   720   652
   84   170    91
   85   787   799
   86   671   763
   87   600   617
   88   968   949
   89   551   491
   90   601   700
   91   800   782
   92   404   446
   93   432   462
   94   361   449
   95   486   505
   96   630   582
   97   211   274
   98   426   354
   99   881   805
  100    41    61
  101   539   494
  102   391   425
  103  1039   979
  104   144   161
  105   311   338
  106    28    75
  107   987   968
  108   711   748
  109    73   128
  110   434   398
  111   453   412
  112   407   336
  113   807   842
  114   274   290
  115   574   502
  116    80   132
  117   598   608
  118   637   554
  119   635   570
  120   240   278
  121   176   129
  122     1     2
  123   359   413
  124   292   232
  125   940   854
  126   105    64
  127   363   453
  128   358   453
  129     1    36
  130   328   324
  131   221   179
  132     1    66
  133   761   720
  134   335   297
  135   818   890
  136   729   751
  137   260   266
  138    60    92
  139   319   279
  140   200   173
  141   214   276
  142   827   770
  143    52    56
  144   804   736
  145   200   242
  146   389   427
  147   830   759
  148   149    92
  149   501   538
  150   817   723
  151    98   198
  152   166   154
  153   680   603
  154   667   741
  155   319   371
  156   509   577
  157   215   279
  158   395   416
  159   505   571
  160  1005   990
  161   780   874
  162   397   396
  163   170   191
  164    21   111
  165   969   898
  166  1024   963
  167     1     4
  168   400   465
  169   494   407
  170   969   938
  171   658   668
  172    54    31
  173     1    34
  174     7    95
  175   743   680
  176   143    60
  177   941   951
  178   670   698
  179   485   519
  180   802   773
  181   504   532
  182   582   510
  183   956   885
  184     1    33
  185    49    10
  186   649   614
  187   628   679
  188   358   290
  189   167   185
  190   315   290
  191   186   211
  192   850   876
  193   501   573
  194   867   905
  195   381   426
  196   148    75
  197   404   357
  198   768   839
  199   598   608
  200   297   214
  201   467   384
  202   164   142
  203    74    48
  204   459   512
  205   477   464
  206   163   206
  207   976   889
  208    89    27
  209   673   752
  210   851   886
  211    95   133
  212   170   173
  213   891   936
  214   584   610
  215   277   271
  216   292   332
  217   969   989
  218   525   557
  219   335   314
  220    57    99
  221     1    43
  222   432   342
  223   710   758
  224   395   389
  225   192   149
  226   778   693
  227   491   540
  228   489   470
  229   852   760
  230   791   772
  231   318   342
  232   943   967
  233   210   254
  234   385   447
  235   616   538
  236   754   793
  237   595   614
  238   786   774
  239   145   214
  240   834   814
  241   985   926
  242   707   728
  243    51   130
  244   926   932
  245    27    59
  246   588   592
  247   460   435
  248   771   675
  249   641   733
  250   309   217
  251   617   708
  252   124   188
  253   321   262
  254   646   739
  255     1    44
  256   491   586
  257   824   793
  258   730   685
  259   723   644
  260   520   498
  261   694   660
  262   201   258
  263  1017   960
  264   972   924
  265   138   144
  266   126   143
  267   834   899
  268    30    89
  269     1     6
  270   918   936
  271   762   853
  272   634   692
  273    61    65
  274   498   464
  275   963   878
  276   431   483
  277   296   256
  278   731   799
  279   285   234
  280    58   109
  281     1    18
  282  1043   971
  283   851   812
  284  1014   940
  285   898   897
  286   135   122
  287   578   492
  288   201   162
  289   975   898
  290   229   324
  291   419   419
  292   855   901
  293   174   201
  294   490   403
  295   312   404
  296   366   308
  297   171   103
  298   691   723
  299   281   227
  300   174    89
  301   776   677
  302   804   716
  303   773   695
  304   792   750
  305   650   728
  306  1047   965
  307  1019   920
  308   425   482
  309   713   717
  310   356   296
  311    40    67
  312   511   531
  313   544   571
  314   860   867
  315    33    19
  316   495   595
  317   129    38
  318   790   770
  319   397   303
  320   468   510
  321   101   175
  322   349   432
  323   751   729
  324   149   143
  325   392   438
  326   688   604
  327   893   987
  328   902   832
  329  1000   971
  330   324   398
  331   828   857
  332   879   944
  333    94   150
  334   287   289
  335   635   595
  336    87     4
  337   773   788
  338   785   704
  339   245   281
  340   902   857
  341   193   258
  342   171   187
  343   215   279
  344   756   669
  345   437   337
  346   125    56
  347   850   753
  348   449   523
  349   322   394
  350   651   684
  351    67    69
  352    39    53
  353   163    97
  354   653   705
  355    35    93
  356   860   794
  357   527   572
  358   485   512
  359   763   700
  360   335   255
  361   117   107
  362  1071   982
  363  1025   942
  364   366   359
  365   371   351
  366   730   640
  367   827   866
  368   447   533
  369   237   260
  370   178   112
  371   259   217
  372   977   991
  373    89    57
  374   428   383
  375   140   157
  376     1    34
  377   375   428
  378   405   323
  379   414   325
  380   741   754
  381    72   104
  382   855   872
  383   205   245
  384   882   832
  385    94   192
  386   530   464
  387   251   240
  388   885   875
  389   247   203
  390   380   421
  391   350   272
  392   279   322
  393   364   328
  394   892   819
  395   161   177
  396   865   926
  397   742   697
  398   487   481
  399   227   323
  400   205   234
  401   502   529
  402   826   726
  403    14    47
  404   903   836
  405   836   903
  406   884   805
  407   776   863
  408   798   787
  409   303   339
  410   713   691
  411   818   888
  412   410   320
  413   958   902
  414   311   310
  415   199   184
  416   752   663
  417   974   956
  418  1002   965
  419   705   697
  420     1    77
  421   502   570
  422  1032   996
  423   842   838
  424   106   201
  425   165   161
  426   841   910
  427   219   147
  428   927   925
  429   285   195
  430   187   195
  431   130    64
  432   101    75
  433   933   891
  434   735   666
  435    69    84
  436   483   570
  437   799   711
  438    37    29
  439   146   195
  440   189   160
  441   270   247
  442   720   721
  443   225   169
  444   104    23
  445   422   396
  446   860   813
  447   647   726
  448   460   490
  449   223   140
  450   358   272
  451   903   874
  452   432   518
  453     1    42
  454     1    12
  455   960   935
  456   175   243
  457   345   368
  458   220   247
  459   543   580
  460   797   835
  461     1    54
  462   161   231
  463   713   630
  464   335   263
  465   720   713
  466   558   603
  467   526   583
  468   192   287
  469   479   407
  470   579   550
  471   384   401
  472   452   440
  473   320   399
  474   354   293
  475   281   361
  476   365   292
  477    74    12
  478     1     5
  479   387   462
  480   604   536
  481   745   672
  482   828   856
  483   165   176
  484   539   599
  485   513   586
  486   467   494
  487   437   347
  488   577   601
  489   986   906
  490   160   230
  491   548   628
  492   801   776
  493   921   906
  494   962   868
  495   807   856
  496    85    87
  497   888   804
  498   243   178
  499   149   201
  500     1    19
24201
