500
    1     8     9
    2     4     3
    3    10     9
    4     6     6
    5     1     1
    6     6     5
    7     9    10
    8     2     1
    9    10    10
   10     6     5
   11     1     1
   12     1     2
   13     3     3
   14     4     5
   15    11    10
   16     3     2
   17     2     2
   18    10     9
   19     5     6
   20    10     9
   21     8     8
   22     9     9
   23     1     1
   24     7     6
   25     5     6
   26     3     3
   27     1     1
   28    10     9
   29     4     5
   30     2     2
   31     1     1
   32     9     9
   33     1     1
   34     4     4
   35     8     9
   36     6     6
   37     9     9
   38     4     4
   39     9     9
   40     3     4
   41     4     4
   42     4     3
   43     8     9
   44     4     3
   45    11    10
   46     4     4
   47     2     3
   48     2     1
   49     3     2
   50     4     3
   51     2     2
   52     5     5
   53    10    10
   54     2     1
   55    10    10
   56     9     9
   57     6     6
   58     9     8
   59     2     3
   60     8     7
   61     1     2
   62    10    10
   63     5     5
   64     7     8
   65     4     5
   66     6     5
   67     6     6
   68    10    10
   69     9     9
   70     3     3
   71     2     3
   72     1     1
   73     2     1
   74     2     2
   75     6     5
   76     7     8
   77     9    10
   78     8     8
   79     7     6
   80     5     4
   81     7     7
   82     3     3
   83     2     2
   84     8     9
   85     9     9
   86     7     7
   87     6     5
   88    10     9
   89     6     5
   90     7     8
   91     3     2
   92    11    10
   93     3     2
   94     1     1
   95     8     7
   96     5     4
   97    11    10
   98     5     6
   99     7     7
  100     6     7
  101     8     8
  102     6     7
  103     6     5
  104     2     3
  105     5     6
  106     1     1
  107     2     2
  108     1     2
  109     3     4
  110    11    10
  111     9    10
  112     5     4
  113     1     2
  114     8     8
  115     8     8
  116     5     6
  117     3     4
  118     1     2
  119     1     2
  120     5     6
  121     8     9
  122     2     2
  123     2     1
  124     3     2
  125     3     4
  126     5     6
  127     2     3
  128     1     1
  129     4     4
  130     4     4
  131     2     3
  132    10    10
  133     9    10
  134     8     7
  135     2     2
  136     8     7
  137     9    10
  138     5     6
  139     1     1
  140     5     5
  141    11    10
  142     9     8
  143     9    10
  144     7     6
  145     8     8
  146     1     1
  147     9     9
  148    10    10
  149     5     6
  150     1     1
  151    10    10
  152     9    10
  153     1     1
  154     8     9
  155     6     5
  156     5     5
  157     8     9
  158    10    10
  159     3     3
  160     1     2
  161     9     8
  162    10    10
  163     4     5
  164     1     1
  165     4     4
  166     8     9
  167     9    10
  168     2     3
  169     4     3
  170     3     2
  171     3     4
  172     9     9
  173     2     2
  174     2     1
  175     8     8
  176    11    10
  177     1     1
  178     5     4
  179     4     5
  180     3     3
  181     5     4
  182     9     8
  183     8     7
  184    10     9
  185     5     4
  186     1     2
  187     3     3
  188    10    10
  189     2     1
  190     1     2
  191     3     3
  192     2     2
  193     6     5
  194     7     7
  195     8     8
  196     2     1
  197     5     5
  198     6     5
  199     3     2
  200     8     8
  201     1     2
  202     7     6
  203    11    10
  204     7     6
  205     7     6
  206     7     8
  207     1     1
  208     8     9
  209    11    10
  210     1     2
  211     2     3
  212     5     5
  213     5     6
  214     5     4
  215    10     9
  216     9    10
  217     4     5
  218     9     9
  219     4     4
  220     8     7
  221     6     5
  222    10    10
  223     1     2
  224    10     9
  225     6     5
  226     2     1
  227     9    10
  228     3     4
  229     6     6
  230     9    10
  231    10    10
  232     1     1
  233     3     2
  234     8     7
  235     5     6
  236     3     3
  237     1     2
  238     8     8
  239     7     6
  240     9     8
  241    11    10
  242     4     4
  243     3     2
  244     5     6
  245     6     7
  246     7     6
  247     4     5
  248    10     9
  249     9     9
  250    10     9
  251     7     6
  252     7     8
  253     2     2
  254     1     1
  255    11    10
  256     1     2
  257     2     3
  258     3     3
  259     9    10
  260     8     8
  261     1     2
  262     2     2
  263     1     2
  264     1     2
  265     3     4
  266     9     9
  267     3     3
  268     7     7
  269     7     8
  270     8     8
  271     1     1
  272     3     2
  273     1     1
  274     2     2
  275     1     2
  276     4     5
  277     2     2
  278     3     3
  279    10    10
  280     7     7
  281     6     6
  282     1     1
  283    11    10
  284    10    10
  285    10     9
  286     1     2
  287     6     6
  288     8     8
  289     7     8
  290     3     4
  291     3     3
  292     1     1
  293     9     9
  294     6     5
  295     9    10
  296     7     6
  297     1     1
  298     6     5
  299     3     3
  300     8     7
  301     2     3
  302     3     4
  303     1     1
  304     8     8
  305     3     2
  306     4     3
  307     4     4
  308     9     8
  309     5     5
  310     6     6
  311     1     1
  312     6     5
  313     8     7
  314     2     1
  315     4     3
  316     2     1
  317     5     6
  318     6     6
  319     8     9
  320     6     6
  321     3     3
  322    11    10
  323     1     1
  324     6     5
  325     4     4
  326     4     4
  327     7     7
  328     5     6
  329     9     9
  330     6     6
  331     3     3
  332     3     4
  333     3     4
  334     6     5
  335     6     5
  336     3     2
  337     5     4
  338     5     6
  339     6     5
  340     8     7
  341     7     8
  342     1     1
  343     2     1
  344     8     7
  345     2     1
  346     3     4
  347     5     5
  348     6     7
  349     7     6
  350     3     2
  351     6     5
  352     8     7
  353     2     3
  354     3     3
  355     9     9
  356     5     4
  357     8     8
  358     2     2
  359     2     2
  360     3     3
  361     5     5
  362     5     6
  363     1     2
  364    10     9
  365    10     9
  366     3     2
  367     6     6
  368    10     9
  369    10    10
  370    11    10
  371     5     5
  372     3     3
  373     2     1
  374     9     9
  375     6     7
  376     4     4
  377     8     8
  378     2     3
  379     8     7
  380     3     4
  381     2     2
  382     1     2
  383     1     1
  384     7     8
  385     8     8
  386     9    10
  387     7     8
  388     8     7
  389     5     5
  390     9     9
  391    11    10
  392     9    10
  393     5     4
  394     6     5
  395     4     3
  396     6     6
  397     3     3
  398     2     3
  399     5     5
  400     1     2
  401     6     5
  402     5     4
  403     2     3
  404     3     2
  405     4     3
  406     7     7
  407     8     7
  408     8     7
  409     2     3
  410     6     5
  411     9     8
  412     7     8
  413     3     2
  414    10    10
  415    11    10
  416     5     5
  417     5     4
  418     2     3
  419     4     3
  420     4     5
  421     7     6
  422     2     2
  423     9     8
  424    10     9
  425     5     5
  426     6     6
  427     1     1
  428     4     5
  429     9     9
  430     6     7
  431     5     4
  432     2     1
  433     2     3
  434     8     8
  435    11    10
  436    10    10
  437     8     9
  438     6     5
  439     1     1
  440    10    10
  441     5     5
  442     7     7
  443     8     9
  444     9     9
  445     2     2
  446     4     5
  447    10    10
  448    10    10
  449     6     6
  450     4     4
  451     4     4
  452    11    10
  453     7     8
  454     7     6
  455     7     7
  456     1     1
  457     2     2
  458     3     3
  459     2     2
  460     1     1
  461     5     6
  462     8     9
  463     3     4
  464     8     7
  465    10     9
  466     8     7
  467     2     1
  468     3     3
  469     3     3
  470     1     2
  471     8     9
  472     9    10
  473     3     3
  474     8     9
  475     6     5
  476     7     6
  477     9    10
  478     6     7
  479     9     8
  480    10    10
  481     3     4
  482     7     8
  483    10    10
  484     4     3
  485     4     4
  486     4     4
  487     5     5
  488     1     1
  489    11    10
  490     9     8
  491     8     8
  492     5     6
  493     5     4
  494     5     4
  495     9    10
  496     8     9
  497    10    10
  498     8     8
  499    10     9
  500     4     5
163
