500
    1    17    22
    2    13    14
    3    46    36
    4    81    81
    5    50    54
    6    87    96
    7    10    11
    8    33    34
    9    15    11
   10    46    44
   11    31    26
   12    59    69
   13    44    46
   14    90    98
   15    38    47
   16    33    31
   17    92    95
   18     8     2
   19    55    55
   20    80    88
   21    49    59
   22    25    30
   23    44    54
   24     1     1
   25    35    35
   26    64    74
   27    23    32
   28    55    62
   29    77    68
   30    33    25
   31    63    60
   32   100    98
   33    90    82
   34    18    23
   35    33    30
   36    59    51
   37    65    62
   38    45    51
   39    30    26
   40    93    97
   41     5     1
   42    98    92
   43    18    20
   44    68    76
   45    73    73
   46    13    17
   47    31    36
   48     2    12
   49    23    17
   50    66    62
   51    87    97
   52    34    42
   53    62    63
   54    25    18
   55    37    27
   56    96    94
   57    19    19
   58     1     1
   59    80    70
   60    85    92
   61    51    47
   62     1     1
   63    70    70
   64    81    89
   65    39    38
   66    30    30
   67    47    47
   68    71    61
   69    30    22
   70    70    76
   71    91    84
   72     1     8
   73    34    24
   74    22    25
   75    52    54
   76    59    67
   77    79    85
   78    11    13
   79    67    75
   80     1     5
   81    38    40
   82    30    24
   83    63    65
   84    55    48
   85    71    68
   86    97    88
   87    59    58
   88    41    50
   89     3     4
   90    90    97
   91     9     7
   92    22    27
   93    69    79
   94    90    94
   95     6     2
   96    69    71
   97    50    47
   98    88    83
   99    97    90
  100    63    58
  101   102    99
  102    44    38
  103    22    28
  104    56    66
  105     4    11
  106     6    16
  107     6     9
  108    90    97
  109    69    69
  110    89    83
  111    96    93
  112    82    77
  113     9     3
  114    12    11
  115    69    71
  116    66    65
  117    72    69
  118    90    83
  119    23    27
  120    26    35
  121    98    98
  122    23    27
  123    50    42
  124    20    17
  125     9     3
  126    62    69
  127    56    54
  128    23    22
  129    26    25
  130    50    45
  131    74    84
  132    17    15
  133    81    89
  134    38    34
  135    92    99
  136    62    60
  137    74    75
  138    86    93
  139    57    56
  140    79    78
  141     9     9
  142    65    63
  143    48    53
  144    80    89
  145    55    63
  146    42    36
  147    53    52
  148    77    85
  149    17    15
  150    26    28
  151    48    51
  152     6    15
  153    23    16
  154     4    14
  155    63    64
  156     1    10
  157    17    16
  158    10    13
  159    56    48
  160    69    71
  161     1     3
  162    13    17
  163    68    76
  164    66    72
  165    83    75
  166    73    72
  167    97    97
  168    50    50
  169     4    12
  170   108    99
  171    53    45
  172    28    24
  173    45    43
  174    64    64
  175    68    73
  176     1     1
  177    31    40
  178    93    99
  179    57    60
  180    27    34
  181    57    57
  182    36    39
  183    35    26
  184    81    78
  185    31    27
  186    39    43
  187    32    24
  188    65    63
  189    42    46
  190     5    11
  191    79    76
  192    16     9
  193    67    62
  194   108    98
  195    51    55
  196    76    76
  197    90    90
  198    47    40
  199    26    25
  200    93    83
  201    29    21
  202    95    99
  203    11    17
  204    73    69
  205    69    69
  206    78    71
  207    41    50
  208    39    36
  209    14    17
  210    47    39
  211     1     2
  212    33    26
  213    56    53
  214    77    83
  215    10    12
  216    62    69
  217    98    94
  218    95    86
  219    77    83
  220    47    44
  221     1     4
  222    20    19
  223    66    67
  224    75    70
  225    60    62
  226    44    38
  227    36    29
  228     1    11
  229    18    13
  230    65    65
  231    45    39
  232    64    56
  233    80    79
  234    71    80
  235    76    71
  236    32    30
  237     9    19
  238     4     7
  239    10     7
  240    18    27
  241    62    67
  242    52    61
  243     8     7
  244    35    25
  245    79    72
  246    62    57
  247    47    52
  248    96    96
  249    91    82
  250    36    30
  251     3     1
  252    26    33
  253    35    31
  254    55    52
  255    98    93
  256    62    67
  257    43    46
  258    78    78
  259    17    13
  260    39    43
  261     1     1
  262    11    15
  263     6     9
  264    10     5
  265    90    85
  266     6    16
  267    51    44
  268    71    70
  269    48    51
  270    11     1
  271    35    30
  272    51    53
  273    43    34
  274    22    17
  275    46    47
  276    83    80
  277    83    81
  278    33    32
  279    28    19
  280    36    38
  281    97    87
  282    50    40
  283     1     1
  284    67    57
  285    70    70
  286     9     7
  287    18    17
  288    10     3
  289    50    51
  290    21    25
  291    45    44
  292    29    38
  293    58    62
  294    66    72
  295    90    89
  296    77    85
  297    11    12
  298    94    88
  299     6    12
  300    64    70
  301    27    34
  302    30    37
  303    55    52
  304    14    11
  305    69    69
  306    34    42
  307    62    69
  308    73    63
  309    20    22
  310    50    45
  311    84    76
  312    34    24
  313    16    12
  314    50    48
  315    56    60
  316    96   100
  317    33    43
  318    53    59
  319    39    32
  320    19    27
  321    32    40
  322    55    61
  323    81    86
  324    28    28
  325    57    59
  326    63    61
  327    73    64
  328    84    85
  329    27    24
  330    91    95
  331    38    38
  332    29    25
  333    70    79
  334    42    38
  335     9    16
  336    70    69
  337    58    49
  338    16    17
  339    43    50
  340    26    26
  341    39    31
  342    31    24
  343    46    40
  344    13    10
  345    31    22
  346   100    97
  347    21    30
  348    38    28
  349    52    43
  350    62    61
  351    25    22
  352    70    70
  353    25    26
  354   107    98
  355    12    14
  356    59    51
  357     9     5
  358    12     5
  359    90    89
  360    51    52
  361    99    96
  362    38    39
  363    46    55
  364    94    88
  365    44    44
  366    32    37
  367    36    27
  368    24    18
  369    90    81
  370    90    93
  371    44    54
  372    18    20
  373    80    86
  374    17     8
  375    13     6
  376    38    43
  377    59    49
  378    59    60
  379    98    98
  380     6    11
  381    40    45
  382    77    69
  383    92    82
  384    85    77
  385    86    89
  386    17    17
  387    48    57
  388    56    48
  389    14     4
  390    26    22
  391    62    57
  392     3     7
  393    74    73
  394     6     4
  395    32    34
  396    96    87
  397    92    82
  398   101    98
  399    41    44
  400    56    59
  401    53    50
  402    68    63
  403    55    52
  404    71    65
  405    82    92
  406    46    46
  407    55    60
  408    21    16
  409    11    16
  410    37    44
  411    53    49
  412    89    81
  413    14    19
  414    14    15
  415    50    53
  416    76    72
  417    20    25
  418    30    38
  419    51    50
  420    23    26
  421     2    11
  422     6     9
  423    17    23
  424    50    54
  425    10     2
  426    33    23
  427    49    40
  428    60    54
  429    83    84
  430    11     4
  431    44    53
  432     7    16
  433    90   100
  434    15    15
  435    57    57
  436    63    59
  437    78    72
  438    81    82
  439    65    60
  440    44    37
  441    72    68
  442    61    54
  443    45    38
  444    27    28
  445     4     5
  446    61    58
  447    69    71
  448     3     7
  449    21    25
  450    90    89
  451     1     3
  452    20    27
  453     1     3
  454    59    61
  455    46    36
  456    24    24
  457    25    17
  458    87    84
  459    37    33
  460    68    60
  461    91    95
  462    58    56
  463    80    87
  464     1     4
  465    85    94
  466    30    32
  467    26    28
  468    58    64
  469    11    12
  470    81    91
  471    73    70
  472    89    81
  473    24    24
  474     8     2
  475    80    82
  476    72    77
  477    59    65
  478    20    26
  479    10    15
  480     1     9
  481    26    17
  482     1     1
  483    68    77
  484    68    68
  485     1     3
  486    84    79
  487    40    48
  488     1     2
  489    54    51
  490    21    19
  491    31    37
  492    15    17
  493    35    31
  494    29    29
  495    65    73
  496    68    68
  497    45    37
  498    61    63
  499    39    30
  500    83    84
710
