50
    1   490   536
    2   150   132
    3   142    74
    4   325   291
    5   434   428
    6  1011   994
    7   871   869
    8  1040   980
    9   284   349
   10   830   914
   11   143   156
   12   401   475
   13   450   540
   14   203   300
   15   382   461
   16   775   693
   17   317   237
   18   444   376
   19   296   297
   20   489   398
   21    68   157
   22   179    96
   23   940   996
   24   774   871
   25   825   789
   26   260   184
   27    11    10
   28   901   928
   29   546   542
   30   931   999
   31   358   330
   32   908   828
   33   548   540
   34   248   277
   35   324   308
   36   799   841
   37   311   396
   38   680   677
   39   389   460
   40   765   759
   41   971   927
   42   686   762
   43   147   238
   44   861   910
   45   670   575
   46     1     3
   47   571   618
   48   927   890
   49   765   799
   50   375   424
2394
