50
    1   113   183
    2   889   963
    3     1     9
    4    51   106
    5   111    67
    6   348   361
    7   965   876
    8   693   763
    9   311   260
   10   296   377
   11   524   467
   12   816   890
   13   872   907
   14    21    75
   15   886   884
   16   170   132
   17   481   388
   18   161   231
   19   596   640
   20     5     5
   21   173   124
   22   672   695
   23   754   715
   24   247   342
   25   474   420
   26   641   591
   27   263   329
   28   329   375
   29   313   397
   30   631   686
   31   946   993
   32   804   715
   33   723   763
   34   308   292
   35   386   395
   36   479   576
   37   823   891
   38   503   556
   39   809   779
   40    85   174
   41   737   806
   42    10     9
   43   237   301
   44   734   637
   45   118   150
   46   320   314
   47   782   729
   48   883   977
   49   393   310
   50   522   479
1926
