500
    1   560   475
    2   492   583
    3   193   101
    4   407   366
    5   260   215
    6   898   829
    7   939   904
    8   562   599
    9   163   200
   10   613   581
   11   350   415
   12   979   902
   13    13    79
   14   790   823
   15   248   224
   16   253   240
   17   439   344
   18   380   299
   19     1    12
   20   119    81
   21  1041   992
   22   587   683
   23   954   887
   24   591   578
   25   427   352
   26   913   867
   27   678   661
   28   544   515
   29   180   113
   30   186   138
   31  1053   997
   32   936   911
   33   379   359
   34   151    56
   35   784   743
   36   450   516
   37   469   519
   38     1    72
   39   338   407
   40   465   482
   41   353   322
   42   652   645
   43   351   257
   44   328   249
   45    60    98
   46   124   206
   47   426   525
   48   260   325
   49   704   706
   50   765   755
   51   984   922
   52   867   819
   53   709   784
   54   812   815
   55   607   620
   56   364   435
   57    21   100
   58   817   830
   59   535   447
   60  1013   917
   61   192   288
   62   700   622
   63   847   939
   64   486   406
   65   114   135
   66   461   519
   67   943   936
   68   150   226
   69   879   903
   70   857   925
   71    72   169
   72    41    65
   73   441   513
   74   749   810
   75   746   835
   76   316   364
   77   226   158
   78   491   534
   79   288   388
   80   562   590
   81   364   353
   82   755   713
   83   269   278
   84   532   469
   85   265   209
   86   773   685
   87   709   731
   88   914   999
   89   652   589
   90   899   846
   91   868   832
   92   520   608
   93   929   976
   94   265   267
   95   697   723
   96   312   216
   97   888   908
   98   793   708
   99   120   191
  100   704   695
  101   836   856
  102   767   707
  103   969   957
  104   854   859
  105   252   180
  106   317   317
  107     1    10
  108   214   174
  109   340   378
  110   747   736
  111    93    38
  112   631   642
  113   425   372
  114   862   836
  115   904   896
  116   780   782
  117   639   666
  118   466   436
  119   771   812
  120   415   400
  121   307   395
  122    98    52
  123   571   495
  124   902   962
  125    42   104
  126   530   618
  127   444   447
  128   368   455
  129   573   598
  130    98    78
  131   488   541
  132   625   636
  133   229   130
  134   563   571
  135   763   676
  136   272   209
  137   710   660
  138   295   206
  139   716   737
  140   607   671
  141  1065   982
  142   724   772
  143   482   482
  144   931   874
  145   305   276
  146   924   877
  147    53    25
  148   991   950
  149   808   724
  150   434   349
  151   644   600
  152   956   908
  153   723   765
  154   904   983
  155   540   557
  156   701   699
  157   398   353
  158   801   842
  159   929   973
  160     1    88
  161   626   684
  162   529   470
  163   164   185
  164   513   593
  165    34    20
  166   184   277
  167   799   798
  168   769   787
  169   233   177
  170   668   740
  171   419   398
  172   236   233
  173   635   700
  174   716   633
  175   903   882
  176   787   830
  177   473   377
  178   758   676
  179   641   569
  180   363   447
  181    30    46
  182   187   192
  183   520   463
  184   688   771
  185   436   340
  186   133    40
  187   858   905
  188   636   596
  189   660   595
  190   201   252
  191  1058   989
  192   650   590
  193   101   199
  194   565   627
  195   534   572
  196    83     5
  197   350   279
  198   733   769
  199   539   594
  200   309   352
  201   530   602
  202   538   448
  203   685   714
  204     5    18
  205  1013   962
  206   454   384
  207   734   827
  208     1    21
  209    84   114
  210    87    16
  211   756   743
  212   192   183
  213   447   402
  214   818   836
  215   652   729
  216   193   198
  217    36     7
  218   461   511
  219   402   324
  220   592   645
  221   632   725
  222   285   328
  223   315   216
  224   639   679
  225   695   703
  226    83    39
  227   163   166
  228   694   704
  229   263   290
  230   674   774
  231     1    40
  232   528   609
  233   289   240
  234   739   833
  235   397   316
  236   719   819
  237   340   240
  238   171   224
  239   605   536
  240   323   360
  241  1027   960
  242   132    42
  243   516   532
  244    69   118
  245   875   821
  246   438   434
  247   814   757
  248   955   957
  249   884   911
  250   499   451
  251   729   758
  252  1056   998
  253   945   872
  254   154   173
  255   853   822
  256   287   204
  257   987   987
  258   627   687
  259   504   590
  260   589   508
  261   314   382
  262  1008   964
  263   574   522
  264   627   550
  265   376   466
  266   854   833
  267   731   773
  268    35   115
  269   548   480
  270   199   114
  271   749   839
  272   936   966
  273   495   459
  274   443   346
  275   560   464
  276   324   301
  277   405   434
  278   524   505
  279   519   444
  280   585   535
  281   101    20
  282   227   237
  283   396   318
  284   697   654
  285   803   867
  286   270   252
  287   222   214
  288    23     4
  289   111    44
  290   797   718
  291   380   333
  292   848   775
  293    97    67
  294   618   677
  295   759   670
  296   859   894
  297   167   225
  298   382   349
  299   621   693
  300   262   267
  301   394   439
  302     1    14
  303   750   665
  304     1    16
  305   336   362
  306   133   151
  307   311   298
  308   308   300
  309    56   151
  310  1061   994
  311   480   469
  312   951   917
  313    82    13
  314  1023   973
  315   227   205
  316   755   821
  317   614   520
  318   172    76
  319   857   929
  320   557   560
  321   527   481
  322   656   658
  323   791   771
  324   894   937
  325   118   176
  326   829   838
  327   822   781
  328   366   442
  329   262   309
  330   209   296
  331   319   219
  332   703   634
  333   791   768
  334   295   275
  335   239   149
  336   875   966
  337   781   846
  338  1079   986
  339    70   163
  340    40    67
  341   300   212
  342   550   533
  343   222   217
  344  1000   975
  345   705   731
  346   191   162
  347   390   355
  348   427   485
  349   992   964
  350   536   470
  351   447   543
  352   404   439
  353   395   315
  354   861   907
  355   132   231
  356   802   828
  357   666   686
  358   571   626
  359   449   534
  360   821   745
  361   251   269
  362   520   488
  363   454   368
  364   354   297
  365   424   409
  366   149    58
  367   975   940
  368   348   391
  369   842   822
  370   239   338
  371   238   179
  372    95   193
  373   940   867
  374   985   913
  375   651   607
  376   390   364
  377   185   182
  378   347   349
  379   227   239
  380   893   940
  381   837   762
  382    46    26
  383   241   199
  384   847   770
  385     1    26
  386    91   138
  387  1015   954
  388   437   437
  389   954   861
  390   236   215
  391   945   938
  392  1053   988
  393   785   874
  394   621   677
  395   293   291
  396   105    56
  397   588   555
  398     1    11
  399   569   541
  400   301   276
  401   228   219
  402   653   744
  403   193   121
  404   700   654
  405   421   329
  406   514   583
  407   511   489
  408   249   333
  409   521   461
  410   537   501
  411   759   818
  412   161   186
  413    28    16
  414   555   600
  415   600   530
  416   610   513
  417   303   358
  418   714   663
  419   725   627
  420   680   719
  421   344   420
  422   226   150
  423   131   168
  424    51   131
  425   643   547
  426   906   864
  427   798   733
  428   281   215
  429   566   637
  430   894   989
  431     1    34
  432   343   381
  433   314   285
  434   472   380
  435   529   518
  436   622   540
  437   558   585
  438   629   647
  439   351   293
  440   924   906
  441   917   993
  442   331   291
  443    83    35
  444   596   641
  445   116   110
  446   439   479
  447     6    64
  448   422   404
  449   347   254
  450   309   250
  451   746   820
  452   157   112
  453    46   100
  454   426   382
  455   304   393
  456   645   669
  457  1000   946
  458   872   801
  459   901   990
  460   788   813
  461   194   232
  462   577   673
  463   503   592
  464   692   705
  465   243   283
  466   639   621
  467   723   729
  468   550   561
  469   610   633
  470   110   128
  471   585   603
  472    81   162
  473   822   921
  474  1048   951
  475   120   187
  476   357   350
  477   967   894
  478   185   223
  479    29    80
  480    46   106
  481   955   946
  482     1    74
  483   131    98
  484   312   281
  485   636   644
  486   105   168
  487    30    85
  488   292   195
  489   998   980
  490   438   536
  491   687   614
  492   273   290
  493    11   100
  494   885   870
  495   517   442
  496   344   329
  497   943   918
  498    40   108
  499   573   627
  500   106    69
9988
