50
    1   912   829
    2   316   273
    3   901   879
    4   754   736
    5   560   641
    6   123    95
    7   952   890
    8   703   681
    9   712   730
   10   731   655
   11   437   441
   12   149    72
   13  1068   993
   14   657   625
   15   743   730
   16   312   362
   17   111    42
   18   494   589
   19   397   326
   20   238   219
   21    82    58
   22   255   189
   23   879   801
   24   595   636
   25   325   386
   26   101    53
   27   571   671
   28   336   269
   29   847   755
   30   484   412
   31   575   671
   32   546   489
   33   576   561
   34   629   674
   35   610   569
   36    40    46
   37   445   529
   38   350   314
   39   850   769
   40     1     4
   41   570   564
   42   507   503
   43   769   779
   44   531   443
   45   265   300
   46   521   584
   47   305   303
   48   197   151
   49   297   332
   50   219   293
1433
